1235
362
-230
373
920
-483
-483
756
961
174
-922
1466
97
-1300
-425
621
104
786
-464
512
-290
685
-533
773
-116
1520
1553
1185
-1016
839
-668
-1344
-361
1391
591
-1004
-655
-728
-1084
-1256
-1390
283
-1353
996
1272
511
54
-186
461
1153
-510
-1391
1002
1247
944
-677
1204
-1463
-328
-648
938
566
297
-259
394
52
1026
1302
-1511
1505
-790
-1339
225
-581
1220
-65
-906
438
-1087
1117
28
692
1288
194
376
670
-1318
744
769
-84
-1467
871
-1080
1119
-950
-1522
-391
-1487
1342
-340
-1545
-1011
610
970
697
994
69
1353
-130
1271
908
-938
400
1360
1546
-786
467
-1335
-878
400
870
-55
-291
-1046
-499
1048
-1005
1399
1123
-1226
223
-1257
53
-729
-1123
-86
-571
508
-295
-1537
216
-223
-912
-947
-426
-202
556
-794
25
1241
-1230
59
-377
768
576
1413
253
1133
1250
541
-929
-90
846
1413
1470
1285
-235
64
957
-1366
89
337
-27
1466
952
-1289
-299
673
206
-1110
1078
539
512
-135
-256
-475
-285
-838
-905
129
1265
455
-796
548
306
-889
997
-1492
1464
1118
-1296
-9
-108
966
621
-719
-1159
-1240
-882
610
-788
-1367
313
-1112
60
-779
-25
-1060
-55
1359
631
-353
252
1397
-641
-278
-327
-480
-208
-426
-925
785
-1271
529
915
913
-1025
-1080
-1163
-345
1092
-389
578
569
789
-198
1353
-799
304
-265
-275
100
-1453
-859
-66
-532
425
1169
1278
-1346
-92
-1210
-1397
199
882
1080
-451
-979
-836
675
238
-1306
-549
-20
1552
-1323
1345
1342
167
813
242
1454
-650
351
-968
-1551
-1017
1019
-1218
-1302
-1163
252
-222
-998
-1111
-176
-754
727
407
-27
-160
-191
956
853
1352
-1453
-1306
-1264
1452
423
1111
858
315
-374
-354
-1489
-363
918
1093
-19
-1219
-906
-602
121
386
-151
-891
-1204
-260
1078
1058
-1256
-676
1178
-1239
-887
1288
-983
138
1177
-1395
-313
472
482
-1523
-718
1282
-324
-636
1539
-1179
-293
-929
-219
-1008
1019
-1206
-337
-1021
824
-95
-1525
1130
792
1215
-944
-931
940
362
770
1281
529
-379
190
175
-340
-1364
-105
-1500
-437
-129
-390
1559
1231
954
-284
1414
-1088
-1457
-1169
1298
11
-1132
-1532
-33
-753
-914
598
-1375
-1388
532
1468
704
-1410
823
43
539
1021
-898
1328
-979
536
-624
-255
931
-506
1023
783
-32
1128
1176
-296
-424
-792
-266
1105
17
1109
868
931
1283
-163
837
1151
717
824
-368
420
282
1023
186
-1532
-4
-1274
-225
92
-218
-38
-688
-1086
-473
-348
180
1393
1149
-922
-1463
-397
-1376
-1431
-301
-928
696
-300
-1340
-150
-1039
581
-1293
805
42
1182
1562
-798
-928
501
856
416
-1100
-668
893
717
546
237
547
132
878
1373
-1100
-1334
-893
888
-700
1365
-975
250
-348
-452
-732
648
-483
-1526
995
-483
-34
-1496
-1545
-741
1210
-1082
881
1267
-1201
591
-59
-1490
-112
-17
1445
350
212
-1011
402
1074
-1209
989
-239
732
-1026
1319
545
780
1355
-23
-1266
-242
43
-521
1307
417
686
625
121
1047
380
-1500
1119
-1295
772
-1397
1344
-579
-118
183
-1067
235
-391
983
132
872
739
-886
90
1259
653
1113
181
-140
-971
652
-1285
-1121
441
1125
1488
-741
1187
-1354
-474
1124
-1188
-692
-1018
256
1053
204
-345
-173
-375
-1049
-864
-472
-373
1515
-49
-556
1066
-1430
867
-741
784
-1254
-299
-337
1433
353
484
-1340
1289
-1553
1346
-1462
44
-1235
1083
-465
1259
-98
924
-679
416
-776
1138
-1520
-96
-473
-513
-593
-341
-482
955
-393
-174
-180
832
423
-662
480
645
-936
1217
428
-109
-302
1483
-589
795
1179
875
883
-336
-272
-728
-761
-229
738
1055
1547
-691
-122
-498
-1299
1048
-1508
811
1044
477
-1414
689
287
-61
343
-848
1392
-1522
-201
-760
-1562
142
-721
-1515
-1030
1297
-681
499
232
-1506
-9
216
-635
1432
-1118
356
-1481
-1064
331
1125
-1423
1206
251
426
-418
-242
-1257
-589
-201
831
940
526
-589
-617
573
-57
-883
1455
-1121
911
-887
1160
291
41
1029
735
-439
1110
-1165
1454
1399
-1025
1097
815
963
-884
-990
-1130
816
1098
1264
920
61
-888
-533
-201
1344
147
-309
-612
222
366
-1015
-1049
-429
-822
1248
694
-548
-752
585
-712
-215
846
-733
-88
-874
567
1072
1504
102
773
-1537
-672
-951
-507
689
-1170
-1196
-1183
507
1315
1472
1054
-1297
208
-604
-884
-661
410
-74
-911
-1137
-1125
-901
-308
1076
-212
-1304
585
-271
1088
-205
482
-1147
1133
-861
-1294
-872
232
-188
1197
-16
-279
1416
250
1491
-751
-1470
-5
1222
745
1373
-1478
1182
-1091
503
1422
259
762
445
-847
1014
-596
-1201
-969
-1025
-500
-701
-335
1294
673
26
442
-442
-121
-144
-513
691
-52
-1354
350
-870
-817
434
-524
-346
-626
63
-922
-700
-328
520
-522
638
881
71
-1223
-1182
932
731
-724
42
-805
-1118
1163
636
301
-186
-236
-1314
749
-722
106
1494
-1124
-1254
312
540
1098
952
1402
-793
-91
45
-990
-46
-1447
-651
1061
-1350
-755
-1226
981
2
-781
1308
-198
-1316
-441
-1269
-341
-528
-429
1327
130
10
-762
-1120
-1013
-1227
-1004
-447
270
1195
-1238
842
-414
-1122
-645
-915
-183
162
148
-765
-672
-1469
-1019
693
-1223
829
-1412
-1
-534
448
490
1158
-1105
-1108
-1525
171
-772
-966
-1111
1060
-607
-60
1066
541
1107
-1142
-1210
-639
583
501
159
1473
1321
1429
1330
-1464
695
1480
824
-1402
366
-249
-1079
1550
206
-1042
886
-1402
281
-1061
-1178
1236
441
1450
942
-14
-1255
1294
-1489
-1508
959
232
-870
718
825
-1103
1543
685
-458
804
-1553
-928
-281
-1070
-214
-911
-549
-891
-24
-1104
337
360
-703
-57
974
-597
-907
-1116
-139
-834
-1062
-742
-1437
-370
-860
950
817
-880
72
-1204
-912
82
-570
1096
574
778
-1377
-811
-948
161
375
-1447
-314
1234
58
-903
-199
713
270
1224
1442
771
-354
-831
-435
348
-1444
-1181
-1368
191
-96
9
-563
896
-457
-1552
839
-272
-73
-945
-947
-1261
-830
301
-863
1518
-1437
500
1395
395
161
1274
330
1370
-393
-940
882
-274
-559
1077
-919
908
-477
80
968
1355
817
971
-480
-819
-1537
863
209
-77
-399
908
-122
453
572
-290
13
-829
149
-493
-295
1318
129
-249
208
1133
-8
851
1205
-1320
-632
610
-1528
-1377
746
282
93
771
-418
-1260
-142
1472
1210
-1100
363
220
173
-460
-1445
-514
609
549
-32
-97
-1263
-1386
200
1019
1027
-158
1261
-440
-384
1295
-255
-474
14
1400
-1265
1158
-1423
882
1068
-1048
1345
595
1461
682
-701
-1547
-1395
-928
1291
862
537
-808
1038
-826
-1352
1230
1305
1471
-773
86
1204
534
1174
382
1098
-927
-22
-1160
1518
210
-646
-1098
-31
-748
1146
830
-6
1313
1464
449
612
1166
1203
815
-496
1414
482
-26
1322
1271
-776
-1435
969
-438
510
504
198
-348
-1492
880
1424
-576
-1054
-170
965
-1471
-176
123
-994
-275
-991
-1218
55
-1350
1159
1122
-772
805
-467
-1013
513
319
-885
646
1443
-1211
-412
805
3
385
849
-136
1372
1357
-1142
1501
1448
244
789
-382
-867
1360
-37
751
-826
-441
1037
-36
-1198
-993
1241
-1521
-1510
-480
688
1495
-129
-560
1465
1436
1387
1478
464
-1202
1273
884
-1263
-1240
292
-1310
-59
987
-1513
1466
902
-49
189
376
-921
553
-1453
-1243
1322
-1401
-161
447
-741
1272
-949
-112
-1253
-398
-197
773
-37
-487
94
989
563
-450
1241
-1059
-298
-1108
-429
-959
1132
1322
-1418
-1351
1040
-582
-305
799
-420
1097
410
1128
1533
1023
-547
-555
-938
1545
-1345
1314
-504
1039
740
-777
-974
1145
-274
290
-798
859
-1504
-1229
618
-633
-1018
95
347
240
58
1489
501
-1095
-1344
1198
-908
398
-920
444
381
25
195
-959
-499
100
-174
816
409
1114
-456
1173
1137
329
1507
919
1258
-347
-548
42
-943
-1326
696
1120
-858
914
1483
-204
477
-1000
-1323
-705
1314
1162
-102
-748
426
1286
-1494
-728
-1561
339
-1117
1138
-168
-446
494
-473
769
-890
-1267
1389
-653
991
-1452
778
1070
-1532
-989
711
-242
-22
-1557
-491
304
630
1051
-833
353
-1279
728
1081
1349
1173
656
-382
-836
314
707
-902
-1411
-1396
-349
-502
-1240
-239
-1287
-1006
519
13
1267
-1286
-845
1272
512
-1377
339
727
-648
-144
1010
-1482
-626
796
-1145
-806
-422
309
-1328
-551
-1429
-1177
-384
-216
610
-62
1107
-1513
494
63
63
198
1066
1507
634
743
-1432
137
-93
209
1555
82
1016
93
42
1434
849
1183
907
1083
-204
1040
-929
974
-739
1243
76
-468
1293
-266
-1240
520
-904
1388
1191
1292
1295
1321
-134
367
695
585
-387
148
-885
1217
746
-872
-1561
90
-1351
-202
294
9
-64
1117
-311
-1550
-186
146
473
136
-170
1132
688
-541
-1537
421
-56
619
-775
-924
-359
400
1514
1046
781
697
-1389
783
-48
-451
-255
-590
1120
-1155
-308
-26
-1143
1068
-1443
-1505
-359
-50
1189
-1234
-1427
-1184
749
79
997
-862
1445
-197
-1298
1396
-714
1046
1257
186
993
373
1298
-98
1346
-1543
309
-525
-7
1456
-1020
113
1513
183
-773
-1259
1238
-638
-881
425
-1395
-1446
-1273
-1513
646
-1008
-953
-904
-798
-1258
844
-1368
1404
1306
823
1187
1326
-431
-174
-244
-538
368
-967
139
-285
549
442
-609
-925
1124
-1020
-757
-1158
-4
-708
-1348
550
-98
-690
-1084
933
-682
-163
774
-938
-903
399
-448
956
-611
-1528
-1145
1320
-205
1284
199
-1219
163
-1246
-581
451
23
224
-1543
-1543
-1320
-602
1296
871
270
-1350
241
-1247
776
180
-623
1436
-257
1218
829
694
1252
-1152
451
211
-1431
-185
555
1022
858
-862
637
-681
-1474
1384
65
-1232
-781
-202
-1196
1052
737
607
-1031
-49
-776
-92
551
529
290
-183
-339
706
954
-724
-645
-1312
1380
1472
1272
676
-226
1073
-841
-138
894
786
919
-1449
-252
1285
-1233
-350
1057
-702
-1235
-555
1495
878
-861
949
-141
362
92
-23
-1198
1009
227
-653
-1480
663
-1540
-144
174
-819
-1118
-495
-869
1364
345
441
-1312
1401
-1472
1307
-137
-418
-810
522
-1103
618
-92
1045
144
-1562
-540
508
1009
-1149
-981
1092
1077
-959
112
-312
511
557
1482
-1194
1085
992
810
1335
830
-1498
-1318
-869
-353
161
-1183
833
-784
288
1043
922
288
-333
594
461
80
1176
-10
-406
-619
-733
-1554
-943
1386
1491
-575
908
920
-601
1407
914
191
-747
-791
-998
976
-411
-1001
-1371
1439
-1521
-1285
891
435
872
-211
-1047
1212
1342
836
-970
-954
845
376
-404
1500
1364
-332
857
-73
239
935
-1445
1055
-1418
-881
468
460
-319
1387
336
449
-734
-336
-678
-1425
1015
564
-1049
1521
-163
271
-269
-881
-916
-1509
-217
-388
-279
-923
1102
-875
-823
1219
-1383
48
-497
647
-1055
1473
1198
-1555
359
-1098
-329
1243
-234
-150
971
280
536
-754
-1012
-569
654
-366
212
-1125
809
-903
241
1075
-216
980
731
-37
-535
-602
-225
699
-692
-590
706
1230
-126
-459
-1488
-1195
954
1046
647
654
-544
1197
-751
-1453
-5
1023
-1016
-32
-1442
1515
-520
-96
-1466
-624
1430
-438
336
369
-1302
1207
1341
-1431
-1524
380
-328
-723
747
-210
-513
-169
-1119
505
192
-307
1342
-649
-120
-510
882
0
-558
-1201
-931
-461
464
-1064
1390
-762
867
-748
-391
1372
-617
374
189
618
-1185
100
-1155
-135
-905
16
-466
849
-1127
-687
-635
315
366
-1316
-1247
1370
-228
111
73
-1326
1336
-100
201
1367
715
-1026
1176
-738
-1488
530
1442
-1111
-933
-548
316
452
1030
1413
465
1465
-110
1392
217
-1307
-1487
1259
-772
-152
-193
863
811
-420
-72
176
-616
-193
712
-275
631
1513
-1308
511
-1161
48
1525
1445
-1063
992
-1103
965
-1504
349
794
275
605
-1528
699
-1003
609
-1057
1422
-143
813
514
-1530
-639
-1242
1471
648
952
1421
902
627
-576
115
1316
-694
614
745
-235
743
1530
-721
-25
242
1446
9
105
-393
-945
1338
193
1201
588
-855
-1165
1511
-535
-530
597
-419
55
663
-1355
1041
-785
1523
-1215
-1006
1432
839
1299
1399
-1445
-289
806
-835
-1116
-652
334
228
-150
-308
593
-1125
399
-1408
-449
1426
-376
-688
172
1241
1537
379
1447
-83
340
-604
473
209
-1328
936
773
-483
-188
16
971
258
-1472
470
-349
-59
-1401
-1319
1105
560
-437
-907
1150
749
694
-241
1155
1396
-1424
1039
-250
1205
-1128
-613
578
-167
-1240
515
-1486
134
-305
1048
-443
-214
-45
770
-1109
116
-1385
-840
-160
467
543
-573
-346
-326
1476
-27
-493
-784
176
1546
-1142
610
97
-1400
-393
420
678
-316
-282
-1190
-831
837
885
1413
771
-1060
-34
-1449
-337
1368
580
-1357
-41
-602
-121
599
933
-1449
1377
-454
-739
-601
-680
921
289
490
-222
-596
-662
1058
503
796
1060
-174
646
995
328
-951
1108
1553
-419
853
-640
-1296
-1312
1529
866
-1214
-1483
1407
621
-660
-29
1504
-1302
-1303
1158
765
-337
-340
988
-1397
-1107
1212
718
1101
644
-516
-1413
917
201
457
207
1124
1450
1184
-1308
1480
1532
-1229
1325
591
400
-267
1259
1388
-8
854
1317
-1181
-1049
742
-1016
-594
1118
-1133
-329
200
-87
-180
281
-722
-559
-1075
-434
-672
-727
-180
-754
-757
880
-265
-1002
445
-1368
-1306
270
186
-1288
24
567
-48
-69
-1285
920
-514
-856
-972
-1150
1346
1137
693
-211
-258
-1218
-1481
1359
-382
-98
-231
1150
-54
1066
-1415
-1172
1260
-432
660
610
-158
-151
341
1356
-1056
1346
1440
719
-346
-368
1132
165
-67
989
1516
-1161
-1064
-1528
-1365
843
663
-33
1157
-953
197
1304
-563
622
36
-738
-331
1440
673
-825
-1165
1179
-1042
-561
1062
174
633
631
-497
-270
785
-544
131
-1115
218
1055
-1108
45
-541
-1514
654
-1179
1352
-744
1005
-175
80
-162
429
-83
575
1553
260
-1303
-571
-241
1161
-774
-445
-899
518
-1223
120
-187
-49
-498
-695
405
1109
1054
453
928
1437
969
-1379
879
-42
263
-846
-449
-1383
-1106
-459
439
-847
532
-1365
-1249
-1078
479
-585
-1396
1545
-1301
-21
-67
-237
-1552
-498
36
1064
1517
-599
-1460
-1475
-416
981
45
-989
-700
1158
-83
-244
-137
-480
1198
-441
-282
1512
43
-639
91
936
-656
352
-648
839
-721
90
-1221
877
318
-540
-557
421
-452
589
-161
-1243
-1235
1428
1478
244
-379
505
1327
-743
-1498
209
-67
834
1132
-1539
208
-1087
1102
-1276
-1083
-1182
376
-742
-1141
-868
1007
-136
1115
-1008
-382
118
-688
-55
-16
-46
-1374
-1231
-1104
-883
315
-313
888
-588
-1041
1185
-565
729
-1465
-1026
1015
-986
81
-171
561
503
1250
6
-1196
1529
1287
-16
84
-964
-907
-768
1279
9
-436
-660
688
-957
589
741
18
1110
363
-1383
276
460
-119
456
-1361
1524
-551
1489
464
-864
-68
1558
-898
384
706
1475
-1416
1362
-855
1426
-192
998
-797
-340
-795
-1044
-1162
785
-769
763
-1433
-1329
388
10
689
1316
-29
-1425
1242
-400
0
339
-405
664
-840
-535
1304
-694
-736
-387
-104
1361
-225
1388
186
542
-1218
586
492
-425
514
621
535
66
-932
-338
546
601
-201
952
-635
-1036
-272
522
-1208
1177
1550
-1467
-352
-22
-292
1106
504
1045
-1466
-873
752
-1122
-1123
-319
742
-1445
-534
-286
910
96
-1460
-107
-139
629
10
789
1155
-1098
475
1509
-1483
1189
-793
454
332
477
-3
-727
687
93
689
603
1260
-1270
-1279
1166
-425
476
45
-351
-991
874
-1293
1159
-60
279
1112
259
743
25
206
1549
378
975
440
-853
616
-398
709
467
-1141
-165
-493
-716
855
517
-1113
-406
-570
1221
805
728
1260
1074
325
-363
-210
-126
1459
-1029
-937
829
-316
1004
968
-1438
-1412
748
-274
860
-347
147
-141
1449
993
-122
404
-955
1034
-1002
-570
277
1289
-873
515
778
1054
-1257
-184
-1448
3
442
943
1249
610
1075
-1025
760
260
263
784
-923
-1152
-192
-1036
-995
1248
930
-388
1447
-908
1332
888
-1182
-1104
-160
1158
1512
872
-588
-1499
-688
-982
-1392
-274
1190
1245
263
1114
670
-1036
336
1309
101
-692
-1290
1395
-280
-1196
172
-396
-541
-59
-1071
566
1126
1059
889
1076
368
-535
-1259
-1155
45
-361
133
399
-679
-1167
-50
-845
86
-550
-1098
-649
320
-99
-89
-1522
995
-1480
371
-1109
750
-1535
-1379
313
1086
1072
553
-109
-1026
-1541
298
1308
-340
-405
144
1270
718
-741
-1137
-759
271
-673
882
-244
1517
-770
523
949
39
58
-996
-774
85
-812
1101
-392
-576
819
-1336
-39
840
1251
433
-1063
11
-258
-1356
-834
563
-931
696
-2
685
742
-1082
640
1534
1003
753
10
226
1320
1525
-1252
-1055
1064
646
-69
320
-1526
-944
-403
-1111
1052
823
462
-769
1029
1190
-1042
-1464
1051
518
1510
230
-1399
587
929
-1232
-222
103
556
262
66
867
769
294
677
-136
-222
713
1210
-1461
1164
1426
924
64
-179
390
418
341
1215
-94
23
1163
-1426
186
914
1065
1244
-144
-395
237
-1445
-1165
-459
886
691
-1345
-85
-1094
-1468
289
-993
1259
152
1493
487
1535
1048
-658
1040
700
1538
227
1027
-1451
-422
379
-1222
-741
-1328
672
1058
-1210
1070
-236
-1160
198
708
1044
1394
803
-230
-1162
1226
1484
-504
150
-942
-1019
1054
-738
-1155
1029
-1346
1435
-1258
-206
251
-191
1342
1212
-1081
-1561
-1561
-847
-235
-431
-1485
-362
-950
1471
-1122
383
-526
-732
1031
1259
980
-746
-1323
1198
805
-189
1392
1021
-317
-1429
-21
-902
670
485
