5725
-1247
487
2601
5718
5666
7584
272
-2509
-7428
908
-7592
-4756
-6704
2613
-1436
-7008
-6618
-620
208
5518
-3775
4706
5347
-465
3554
3082
4202
-1309
6041
-5524
-3397
-3019
2775
7744
-4387
629
7515
4425
6659
-6999
-2480
6880
-3943
-1372
2407
2434
-568
3602
-5272
7452
2034
-1235
5072
-432
6113
813
-4436
3229
-7581
-6207
5517
-3166
-687
480
-2508
3466
-5977
-2805
78
-7131
-1265
5410
-7337
2605
-3048
2883
-2774
4196
-601
-234
4562
-6380
6344
1821
1727
5371
-4451
5830
787
-4220
-7463
-1509
1153
-337
7510
7185
-3957
-6280
-2706
3933
-4871
3841
1530
-4396
-1367
7021
7026
4398
3404
-1388
-3648
880
771
-4390
-4385
-5315
-6105
-1024
-6570
2494
3295
-6221
-6101
-2637
1981
-6403
-3265
5836
-4144
2568
2683
-1203
-1404
-2873
2941
5042
-3665
2154
1627
-7347
-6319
6518
1345
2264
-4958
4773
5489
-3251
-3337
7458
7782
-7127
-6576
-6131
-1225
3945
-3995
4049
2695
-327
-1196
-2434
7010
5212
2505
2138
3168
6653
-2794
-2290
7118
-1301
-2858
1378
-6122
-3
-1662
-7719
5285
3540
7551
5255
4225
-6838
6936
-4086
5646
-4872
7775
529
3340
-1234
6634
3264
-3107
1326
-1684
-7752
893
3335
-1503
199
-5052
3452
-5509
-2635
-3637
1368
-2542
-6165
-2905
-2804
6902
-5765
-1102
6025
-2039
-3269
-5933
-2076
5799
5947
4502
4620
1398
-6418
-1866
-7371
-5630
7566
3776
679
679
7263
-2955
2982
-3184
1220
-3463
2813
2868
1445
-7803
1957
4219
-1093
897
-5633
4177
3503
103
2164
2364
-2480
-1029
-4050
-359
5644
-3609
1823
5398
-6919
-4583
-1736
-6742
274
-6566
-1387
-6318
-2217
-6386
5089
7767
-5650
-767
4173
1069
-6956
6353
-2567
5087
-630
-7489
-362
5429
-705
4127
-2742
-2147
-7295
7620
-4562
-5675
-4049
2242
-3877
4765
3488
2548
6259
-5815
4701
4262
-5133
6863
-3591
6852
119
-2734
6119
6092
-4733
-1596
6415
2717
-3980
-1376
-968
1817
4290
276
2352
-7358
3141
6842
2696
7076
3794
-902
2538
2967
1823
-573
-584
4502
-1523
3638
3541
7136
-6182
2575
6142
-3103
-6834
5471
7426
-2275
-3717
-628
-7543
-6513
7461
2621
-6059
3516
1650
5177
2779
-1641
-3538
-1769
-6487
6097
5470
742
2786
-3138
-3433
-758
-3815
-1803
-5996
-4759
3633
-4291
-7101
3246
1246
-2279
-4467
1515
-980
-4092
-2950
1501
7236
7240
-1135
2929
-2214
3866
-6653
-162
2151
6630
-7233
-2149
-3594
-2127
5632
1130
4609
-7450
4183
429
-3929
4894
-3410
5857
-5197
-65
286
2362
3655
5876
-3950
3078
5303
2727
-1806
-3997
-492
80
3653
-6154
-376
4960
236
3842
-4980
-1217
-2841
7442
-855
-5744
785
3756
7690
5187
2527
-4593
-2691
-4273
5581
-6122
-6210
-5454
4768
7632
5812
-4124
-4178
-2493
4496
-7610
-108
-3693
5162
-7684
-7663
-6904
-1089
-1965
-6548
6595
831
2050
2538
708
151
-2021
3927
6000
1519
2422
7690
3121
4780
5373
3668
2780
-5837
-7596
-7526
6471
-7394
179
-5034
6307
1034
-4158
7216
-7141
2416
-7145
-7632
-4566
2717
3446
4681
-4944
-6388
1522
-6030
2943
-3868
-6153
-1021
-6174
7032
-5166
5145
-5890
-4223
5432
-7232
-3804
-1475
-3727
-4583
-7527
-73
-5180
-6129
-4742
-4512
-5949
-1496
6744
5309
-3900
-5286
6734
5434
-3504
2591
-5520
-1117
-6243
-3881
-1171
-2870
-6549
751
1447
7422
1332
6182
-1139
6144
-6214
-854
-1014
-3581
829
2056
446
3420
-6526
104
916
-2614
2631
564
-4992
7666
-4657
-2700
-1264
-2361
1958
5378
3309
3222
-1684
-3057
3558
-7438
-4688
-5393
7246
-3090
1565
-1581
1868
-4691
-7338
-5499
6541
-6052
3145
371
-126
-2037
-6877
3421
-2184
-3722
-6365
5092
1729
3406
2657
-2775
-458
-6113
2707
-4713
-5011
5831
-1567
-5578
-4344
-7087
1380
5336
-3966
1854
-7248
-4511
4341
3709
3672
-2871
-5414
4607
-7263
941
-6201
-5815
-1053
3341
5403
-6209
-6520
-2141
-3782
4727
1685
-254
2745
-7694
2707
6940
-6969
-3726
5191
-2396
6667
5755
905
3195
2378
-2509
-7488
5503
-5714
-6212
-642
-4103
-4215
6118
7777
-5898
-7177
-5828
-227
-3147
6711
-5627
5138
2370
-5509
32
1498
-4666
4845
-1124
750
3699
-2455
-5431
-918
-7163
-128
133
6879
2697
1733
-1576
7134
6058
-3271
-7800
-6926
-2635
-5816
1387
2757
-6191
3572
83
4719
5875
-6971
-1596
-5877
5687
5819
3412
2300
-3722
5793
-6431
-2346
-1421
2241
-3280
-6536
-3111
2956
-7215
-4139
-7400
-6476
-3253
-2223
-3752
5946
-6552
-2131
2432
2070
-5225
1221
2912
1718
3156
1513
451
-1245
-4000
4541
-2538
-1891
-5618
3854
-6736
-359
5857
-1308
-5215
7181
2365
-4803
-7108
7652
1513
-3048
6512
2773
3361
1132
-2969
6675
-5460
-7143
1308
5509
2909
-6054
-2822
7448
7027
3180
-2256
-5677
-779
-452
1777
-2008
6052
5101
-2640
605
-6788
-1209
444
2537
3556
-857
-1776
-169
-6811
3794
-1307
-4458
5190
-7085
-6035
1013
-5326
-318
649
-5385
-4951
6932
-3250
2082
-1333
6339
-7739
-3093
4354
-1840
6051
5378
4764
-591
829
1234
7091
7593
-6748
-7532
3574
484
-3451
1679
1212
-1674
-5121
4425
5820
4067
6852
-6216
3187
-4211
3678
-5232
-4957
4479
214
7209
-4447
-1548
4775
-7496
6400
-2209
2277
5679
-2429
4068
6686
-5940
-3260
-3851
4278
6491
3014
7696
3103
1021
3951
2142
3344
52
6470
-790
2632
-6300
-3397
-4966
-6903
695
2025
5684
1739
613
-3611
-3797
-794
2500
-7541
-1194
5099
-2262
2767
2291
-3584
-2032
2174
7331
7528
-961
2387
3060
6903
1044
-4816
1723
2557
326
4569
4193
-6792
-1219
2791
2759
-7692
6992
7502
-674
2406
7773
6671
419
-2302
1625
-5103
2653
7405
4884
2171
7121
-3890
-2528
3095
-4799
6328
6091
5463
1072
-1396
2946
-2548
-376
-5359
-6843
-4702
-5238
-7663
-5013
2627
3282
-5053
1486
-4111
1184
-4702
-1402
-3976
-4382
-3604
6734
-4347
319
-3607
6560
4059
-4365
4838
2436
5247
-3644
-2431
-4387
4519
22
-3417
7629
3323
-3268
-5197
-1862
-7072
-1711
-7462
-3371
-7613
-4352
3040
-3050
-195
-7650
-4129
3270
481
803
2017
-2546
4251
-231
7702
1685
3937
-2542
5837
644
6020
-5393
460
1530
-122
3803
7480
619
-4994
-7795
5060
-4794
-3607
1014
-32
4010
1177
4379
195
-5428
-2631
-5601
566
-5466
2708
455
4758
-1168
6453
2783
-7610
4660
5202
1390
-1623
-2732
-2620
-1228
5699
198
-484
3673
3943
4448
-2398
-3901
1373
7318
-7335
-6245
-5923
-1427
-3307
2455
1647
7213
-4175
-1408
-1040
-5535
-5711
-838
7664
7304
-7261
-1045
-2514
-1342
5539
-3901
7396
-2030
7584
3526
-5395
-1900
-7461
4517
-2395
-6257
6084
-505
129
-5035
-5136
-5310
-4908
-1499
1094
1864
1505
3923
-6059
1356
4141
-4781
-7501
-6186
2417
6577
-2275
2000
-3266
-1777
-1560
-121
4863
-1208
-3417
-5345
347
-5145
1962
-6610
-1641
5366
-4108
1263
-3946
5526
-3958
6099
1636
-2205
-358
-2036
826
-47
317
-4570
-1282
6581
5969
3991
-2282
-3403
-3943
-5232
3928
1180
-2764
-2811
3847
7737
-881
-4880
5290
2823
4922
-5741
1263
-6849
-7455
-4914
-1242
726
1589
-7501
-6406
-5907
-3532
851
-7139
-5375
-2971
-1608
-239
1626
972
-3397
-5007
6020
1604
7379
6672
-7090
-5314
4149
4273
-7478
6947
-2277
-6514
-7594
1349
783
945
-4875
1821
2351
-2969
6102
-4611
-1569
-6359
957
5362
1214
-4503
-1478
6356
-1698
-2544
147
-1405
-3685
1597
1820
-6621
-1943
2155
-6760
4319
3453
-6541
-2145
-2850
2943
1520
6784
-2519
7090
5073
1409
-2292
7253
-4720
-4742
654
-1410
2319
-76
5431
-7311
-7742
-3786
-3183
2394
6573
-1265
-6635
915
-213
6224
-2718
1785
-3734
2245
-3085
6325
1943
2935
5602
-797
-2742
-3775
-1357
351
22
-7789
7480
-5472
-53
5825
-4971
744
-5047
385
-3947
-6286
7659
-2770
3168
-366
-3632
-7362
-6394
447
3422
-939
-314
-2448
-5817
-2524
5294
-746
2240
-3149
-7481
-5551
-2399
-7087
-2484
6087
6550
1084
-255
-6309
-6343
3610
-4783
-5770
-6245
6924
1676
-2065
7374
3822
6921
3710
-4930
-1205
-5824
-2208
4810
7282
4858
-36
-2953
5916
2225
2460
6641
-7345
734
5379
1551
-7333
7609
3747
4089
-4260
5790
6383
-5149
380
-3494
-4860
-2884
-3659
6662
-2
2948
-6247
6330
672
-6778
4102
-7177
-1191
2206
3587
-6544
1761
4054
2003
54
-1480
3209
-150
-4819
212
4129
-6842
-1217
6793
2078
3828
-5880
7006
-7644
-6304
-81
3844
-4739
-1564
-2570
-2977
-4548
-1934
3644
5470
-6160
4912
-581
6434
-171
-7613
-2859
-4048
50
861
3977
-3634
2559
-4326
-3927
-3176
7314
-1995
-3256
-7416
241
5202
4967
3314
-3448
-5415
-7476
-183
1190
4707
-2526
3569
1807
5432
2190
-5450
5632
-7755
-1685
-1404
919
-4794
3501
-4335
-1308
7387
1028
-1080
-1694
5584
43
7086
2974
-2802
2588
7338
322
3651
-658
-6301
546
5356
5807
-4733
3702
912
-1644
2248
969
5210
-6969
-5198
-7397
5072
-994
-893
4646
-7052
5839
-4134
7072
-1203
-4860
2960
4534
6267
3212
-2957
2832
-5258
-719
-3708
-6988
-2725
98
5253
5999
6267
-311
-117
3664
532
3224
4080
-1482
-4855
-3899
-3922
-4095
-5145
-243
-4109
1464
3436
6663
-1815
1890
2063
3040
-2364
5344
-4765
1741
6168
1049
-5974
3608
-764
-7520
-4516
7658
4684
4556
3796
1678
-4012
6753
5591
-121
-4427
-7367
-7450
-724
2636
3798
-1873
-6992
-1398
-6896
4587
4050
6260
7634
-2022
4615
1598
544
1137
-6252
1563
5161
-6407
-1566
2631
5928
-7701
6431
4869
6430
-776
-6644
7602
-414
1171
2426
-4429
-7788
3246
2712
-6872
748
-323
7200
1296
5467
4729
-4919
-1075
-1219
-3359
-7324
-3871
-1227
-1078
7299
-3111
-239
6644
-5328
-1622
-1944
-4160
-1833
5454
4823
-7220
-6060
5575
4566
4464
6515
-2499
-3672
5903
7336
-5290
2819
-5395
1447
-6213
-942
2662
-1545
6371
-6228
-1332
-4553
2072
-2500
-2069
-7363
4095
2310
-657
1736
47
663
4215
-2191
-1857
1594
-3488
4183
6461
-4671
3706
-5915
5960
6123
3345
-7338
-1904
-1806
-344
-3346
505
6137
640
-5236
-3449
7110
-4060
-7167
1607
3823
3108
-6159
-3327
238
190
2628
-5981
5241
-275
-7333
-7243
-4382
-5435
7256
-5344
6449
-7168
1291
-2443
301
6484
6602
-648
-689
-5720
4442
-1392
-1967
5814
-6871
-5957
1836
-4491
-745
-5739
3511
-5203
-3908
939
2334
-2701
2235
6491
403
1679
-6666
-234
2323
2437
5862
-4462
1835
4651
2702
-6667
6744
-669
480
-2309
-1941
1421
273
7708
5470
7340
-5844
1168
-5676
-1212
-4978
5197
4626
5069
3875
-2784
-338
5749
5521
-5827
1100
3570
-2477
-4877
409
-6860
-3005
67
1010
6015
6297
6882
350
-1243
6777
-1993
-989
-6880
7715
1874
-280
-5076
-742
-3467
-7093
-3953
2288
382
-6017
-4
2367
2896
-3519
-7196
6558
4702
-6244
-4260
-2317
2579
-6058
-3833
2375
2105
3463
1339
-7701
-5339
2271
-7072
4347
-5094
-4336
-4208
-22
-2889
378
-4819
5305
2174
3716
586
-2743
-7616
1929
-3998
5625
3498
281
-4505
-1009
2036
201
-6447
-2945
-4149
3431
-2107
-949
-1384
-1366
-4415
1334
2837
-84
-5773
7760
-7518
-2780
5252
3195
-6150
-1248
-7361
-5953
-7131
-2820
7484
4906
6000
-4106
-3189
950
3907
-1097
5817
-7327
-5479
-3375
263
1676
3798
3661
-4802
-1178
-3509
-2036
-1230
-2488
3723
-3064
-7106
5385
4228
-5928
7244
5636
-209
6916
2729
-2021
-4276
-7546
6741
-7455
-831
5473
-6243
2229
-5715
1833
-3908
5895
-1592
-171
-2369
2711
6332
4213
-7589
2242
-5936
-6883
-185
6831
-4271
-27
4654
3332
-197
-430
-6502
3339
563
-7573
3697
-7354
6439
5266
3414
-7089
-714
-7580
7345
5506
62
-2837
1132
-1419
-5709
2082
-6262
-3106
3738
2092
-4088
7279
-5748
-7247
2799
1868
862
4109
-1879
-6388
5075
-5268
-5203
3701
7811
6023
5151
11
6255
4683
-1568
-769
-5239
-7522
5625
-2409
2372
-7723
2297
-1703
2181
6748
-2236
4245
-7585
-7250
-973
1089
5398
4961
3240
2661
-7393
5849
-1451
-7395
4786
-4112
1156
3228
-6515
-7498
-5353
-3215
-7208
-6814
2188
3703
-6725
-2601
-5813
3995
-3666
490
427
-3439
1779
-7631
6189
-635
5869
2343
-5787
6288
1106
1301
7433
-1921
5728
1503
-5778
7753
1817
-3319
-3275
3148
-1594
7453
-962
-507
-2961
1764
-4325
1186
-4831
4641
6286
4760
5549
5390
-3688
3605
-80
-936
2808
-6786
-6720
2428
-168
6820
-3882
1866
7487
6474
7086
-3600
2536
-2321
-3960
-5512
5711
1618
4791
-5700
-5009
7772
6754
-5808
4720
4490
7394
-6054
1010
228
823
-3995
1981
1915
6972
-5272
1649
-3996
4406
1324
-5335
3680
6263
5013
-5727
-4783
-7585
7797
4647
5018
-5716
-7447
4978
-6048
-4716
2612
6982
-4408
4370
179
3632
-2620
4723
-1472
-7791
3882
1068
2398
7698
-1612
-3364
-4723
-5745
-4914
-6796
-2932
-1885
-6569
-2948
-4324
6261
-852
-3959
4153
1640
-136
-1048
809
3268
-4490
-6825
-912
1429
5710
6155
2178
2506
-590
-3237
2391
5610
1211
6207
-7220
4836
7223
-2340
-4135
-6432
3251
-647
7641
-4687
3934
4709
4765
-4015
-4152
-2239
7066
-830
-525
-932
-6486
-1901
-2590
3504
-7208
5359
-7546
3722
3883
2204
2116
5202
-773
2253
-4224
2904
3633
6839
-5556
4189
-4933
6917
1085
7644
-4910
4745
-1680
-4930
-3170
5607
2677
-1844
-4106
-7726
-6153
-3502
6172
-5160
-6865
2242
4856
3063
-368
-3730
-1769
3220
6986
-5949
2974
-5656
6779
5853
-6551
51
5684
-2922
-2289
-3809
-40
2353
-5287
-4449
-7304
-1581
-3636
-4918
3456
-5277
-2266
4403
5504
-5223
381
-2677
-414
6424
-6542
-1241
-6611
4971
1642
-7644
3011
2903
219
1609
-7105
5742
6340
1394
1009
-6760
4757
2244
198
-6692
5138
-4159
-4157
-4214
-7568
-5738
-898
1352
124
6500
-37
1394
-1827
1891
-1448
7628
2059
-5523
3445
-4807
3899
4880
-6151
2426
-1539
2671
4205
-4594
-2171
-3410
-2747
-4845
243
1636
-520
1214
3710
7122
-5247
-3979
5809
3255
5955
-3103
-2666
-2579
-2561
-7693
-289
-6202
-4688
-4203
6490
-3026
6762
-2861
-7441
3154
1084
-1073
7556
6149
2621
-14
699
-5711
-5885
-3404
-6402
-3320
1157
-7679
-7150
-701
-2970
-2004
4532
3008
-1885
-3570
4619
1967
766
3296
7480
-285
-6651
-7047
-4217
2245
-308
-4474
1309
-5499
4052
-5805
-3398
5979
-669
-1261
-4427
-7325
-1128
-3038
513
4442
2770
-2768
-363
-6200
2202
-3557
3579
-4118
-7346
3973
4137
-6185
4738
7732
4600
-3383
-3827
-1177
-1070
-7588
1557
4071
6930
-6925
-5003
-4583
-5711
2409
192
2614
-962
-4124
-7239
7214
-2512
2775
-3428
-6019
6469
-2962
5766
2793
-608
2691
3440
-3821
-7777
7425
2814
-1035
7649
-2714
-4049
7493
-1827
-1240
-4176
1002
-5917
3828
-4197
933
-7381
-3624
335
-1354
7690
4719
440
6347
-5329
-880
2054
1875
-5274
-2319
5867
-5239
-2707
1595
2265
-2144
7420
6028
-1737
-2219
-2297
2627
6595
-402
-631
-4688
-7281
-200
228
1593
6259
105
-774
-387
-1361
1709
6545
-6392
-3502
-6542
-172
-4721
-3969
5661
5414
6109
-3569
5021
4324
3234
-5011
-5059
-1952
-5502
2352
5229
-1650
3610
-2783
6390
-2610
-4337
-1318
5155
3088
5861
-222
2547
-7617
4088
3818
23
7180
-7237
-2129
4781
6684
2842
1989
3923
-1737
5518
6676
4123
-7070
1942
1539
-908
-2261
7295
-1604
2941
-4128
4891
1010
7499
3666
-7025
2234
3861
4876
-1761
-3202
4243
-459
3209
1211
-1587
-1762
-3886
-4750
4313
-6181
-5160
1350
-4711
4595
-4197
2193
-5479
-4714
-6496
6002
-1030
6207
-801
-1343
2787
-13
-6195
-438
-2950
583
4172
-5793
-7689
-432
3957
-737
6345
-7742
2325
2845
-5383
5705
-2891
-2282
2487
725
-7175
5547
3823
-5859
3736
-4293
-6738
-4150
2903
3861
4376
4520
-4390
-5660
-2710
-7303
-3641
-2586
77
-6770
4489
-663
-6700
-271
-4904
-3544
-2379
18
1986
-6978
-7070
3351
6381
5292
5304
3032
-6814
6379
6694
4629
3154
3257
1336
7304
6136
7166
-7812
-5318
-2506
804
-3549
-5103
-7672
-2437
2438
-4763
2559
-7027
3067
-2541
-6193
4536
-7003
-6897
2015
6114
3947
3740
5407
3555
556
748
-274
-5193
966
-1951
-5840
966
1270
-534
-6042
5533
2175
-5175
-3990
-2472
-2126
6381
-1687
-6145
-3245
660
6203
-2436
1575
1132
-3408
-1564
-2940
-5087
-5095
6155
4201
2443
-6851
-2646
-6594
-4152
6133
2488
3853
-6995
935
-1784
-4358
4757
4283
1329
4053
-4490
2996
-7005
4709
2114
-902
-802
-4567
3503
5446
1032
6955
-7462
-625
3343
3520
1063
-7115
4738
4724
7557
140
764
-7251
-6738
7519
-3797
5832
4716
6071
2799
-7586
1982
3606
5662
-3717
-5109
-2952
-472
6933
-4592
-7252
6076
-4241
-65
2333
-7807
-6088
3030
4744
7175
3501
-2202
854
4062
-1127
560
-6820
-2381
-1809
7790
-7395
-856
1959
4750
-3007
6054
7453
1853
-2230
7301
5074
-1670
6291
-6253
6804
811
-6248
-6370
-3244
7035
-7007
-7556
-2252
1659
5046
4433
-4867
6765
-5761
1136
6742
-4617
-7533
889
-7680
-2000
-870
7585
7665
5439
7800
5653
-3317
6278
-7686
-3599
4
-5394
-2156
4572
-6172
-1351
5555
-612
-7505
3515
-3265
-3833
2467
-487
5116
1397
2708
6122
-4800
2840
-3691
2142
3340
-3111
496
4054
-4544
4991
2520
-4417
-6420
-4562
-1999
-764
-7803
368
6424
6291
-7329
7458
1994
-2782
-4188
-2625
4544
-6158
6584
166
7777
-5302
-4079
-3000
4653
7073
2428
-1937
3314
5697
-4759
-1252
-6533
-2640
1998
-720
4408
2734
7460
3746
1940
-7682
3391
-3879
-1924
7016
1308
-4466
-6228
807
3512
-6264
3317
7245
-724
884
7232
-6109
6759
3461
-7498
-5085
-5604
-6219
87
4934
1600
-2590
582
1975
-6657
-5291
2832
4547
-1358
-6905
4477
-7135
-3559
6061
2211
-7132
-7288
-1558
-6973
-200
7139
-7553
2230
6812
3720
2545
-6086
6655
4865
2541
4503
-1347
7763
-2727
-7185
-6707
-206
3459
6379
6976
5094
3043
-7245
-5551
2019
2778
-4144
2543
-6593
-3304
-4743
-6540
-2318
6026
-7540
-5684
758
-5087
-6115
-1462
5266
6201
5730
5943
-4339
6357
7776
3994
2730
6342
3157
738
1573
3724
3727
-4221
-584
7395
6861
636
-3722
-5695
2635
2499
-7482
3634
4627
1816
6360
6325
-6732
4540
4713
6810
3398
-6712
6081
3361
5094
1725
1890
1166
-5349
-3623
-2196
6190
695
5033
6499
-257
-1417
-5035
2587
-6595
6003
3645
4852
2818
-1625
4126
1330
-545
1580
-1043
-821
-2835
784
-2553
-7287
-1935
7711
3143
7770
-5451
7332
-2238
-6347
942
-5018
-7660
-7128
1377
-4156
3999
3321
-5966
558
360
5391
6745
-2600
-365
-886
6793
7131
6832
-3855
102
-3534
-2602
6707
-3636
-7272
6664
-547
-7026
-2660
1645
1728
134
2524
3140
-5575
6907
-674
5559
-6144
-7202
-1167
7059
-7543
4046
-391
-617
3753
-1073
-871
7710
6842
3407
-1978
5736
-7315
-711
5314
677
76
-5158
-5490
-6009
3515
5573
5670
5753
4668
-2090
4226
6336
-1480
-4027
6309
-1211
-7067
-1895
6711
4498
4845
-1973
5123
3874
-5652
-4668
2524
-4427
2434
752
4062
-4576
3406
7111
-2046
-164
4872
-4188
-2224
2454
1534
-5084
977
-7031
-1299
-527
-430
-553
6118
-804
-3868
3150
5035
-5831
-62
-7702
-2686
-4624
-4317
-7338
3940
-7341
-4102
261
7583
1664
-6989
5369
5288
-1401
10
-263
2054
-6099
518
-6331
1913
-6998
1655
218
10
6327
-3718
-2040
-7317
4759
-1930
-2191
-7678
2292
-1717
4802
2763
2720
-2023
3260
-3428
-1200
1543
-5953
5938
-5533
1596
906
-3820
-4972
2387
6633
-4157
-3770
-962
3665
-4529
3860
-5461
-4034
806
421
2315
1668
-4373
-6488
-1343
6930
4045
5173
2377
-7196
-3840
-3165
-4610
-4988
-886
5526
3730
3834
-7259
-1696
2654
-2877
3073
-5394
-7024
6356
6278
-4673
-5490
-1
4288
5364
-6146
-7171
6688
1050
7571
2920
-1590
2863
4263
2382
7510
7466
5206
-462
5179
1123
-4441
6459
-7659
6025
-4230
3227
-7181
-2715
2497
7636
1151
5546
-178
-1647
3097
2215
-1005
1973
-4548
-520
-2193
1674
-5470
-5742
-3030
-5046
-6089
-4910
2305
7629
4752
6403
7002
4906
4616
-5041
1047
5974
783
-4269
6524
-5878
-6535
-739
1014
5101
-6337
-7804
-739
-3072
-511
4881
6414
2558
6951
-4428
6052
-6224
-799
544
-6408
-3859
-866
-6492
-6766
-3336
-2993
2093
-4448
5602
6363
-5009
-7362
-7258
2064
1465
5656
4266
2200
-2169
-6619
-5397
-5101
-7290
4974
-5236
-3179
3213
-3648
3834
-3329
-1517
7787
4344
531
-6792
-6077
5350
3840
-1986
3139
3118
817
4317
4399
-4205
-1304
2242
-7751
-6917
-7012
-6558
-4501
-4301
-5309
-6613
-997
-676
5139
3894
-4654
-5276
-4708
-3953
7607
3635
-2205
-6283
1172
-5451
271
-2775
5479
-5998
-5544
2066
-2390
964
-2778
-2329
1860
-1978
-348
5898
2261
2883
-7801
-5822
-5606
5877
5884
-1721
-6485
-5910
2139
-6691
6264
-7152
-4434
350
-4791
3649
5388
-6397
6190
-7242
4208
-4013
1535
-6383
2197
-3691
179
-5236
-5606
-4646
5459
-4868
-2656
-7233
-6804
-3858
-1141
-5477
-1955
-6088
-3629
-3504
-5428
-251
4659
-1680
-3688
2961
-265
-5310
3531
-3870
-784
-2020
-2440
-6399
2101
6278
-3096
4307
-6181
-5450
-7647
-298
-4871
-6639
3656
2527
-3577
-5385
4978
607
-1076
-7536
-6730
-3503
-1403
-2605
-7628
6144
624
3715
-4811
7652
-5390
1288
-6560
4523
-247
-1844
1745
2111
1245
1910
-6000
4914
3811
6195
355
-7579
-7002
-2479
1567
461
-1476
3377
4770
4933
-7041
4954
3992
2122
1583
6993
1961
4005
468
3941
716
-6865
-4989
-4625
3058
4069
5097
5597
1897
1822
3979
-5561
2783
4789
-228
-3463
-2563
6109
7726
-5606
3956
-6401
-7738
862
3533
2385
42
-1591
-696
-6576
-5463
-7066
-5629
-2640
-3879
5968
-5657
-6594
3752
4052
3040
-81
6304
-1990
-3105
-1010
3087
2872
-1987
3727
5805
-5116
5866
5880
3558
2313
1179
-4212
-7091
-7330
-2249
-4015
-6583
662
1158
-2650
-1183
4040
-705
-4516
280
-4750
3215
-1229
1072
-6976
6300
-2927
3708
-3499
-6285
2428
-803
7393
495
-5058
1893
-5412
-731
3342
-4930
5560
7139
-3701
-1591
1211
1462
5765
-2561
-7056
-6564
6258
-3994
4463
-2057
5618
6027
-3570
-4395
2649
1470
-2868
-2736
-6419
-3288
6298
-2937
7145
-6927
4144
2674
-4044
2618
2727
794
-6786
-3874
-5557
6792
2104
-4073
-7585
1276
472
5418
7031
-996
4359
-4352
2422
-805
5658
7366
4999
7051
-3007
3484
-3699
-2948
5097
-6640
7538
-6033
3790
3179
2573
4817
-7781
4829
4523
2862
-6330
5477
-3675
1954
3082
-4457
-6127
-372
-269
4107
7363
-2424
4387
4549
-2459
-5706
220
1655
-842
-1769
3554
-390
10
-469
-4296
-5229
-2738
-4265
-7486
-5301
6410
-6004
-7636
-5078
4489
3258
-995
6174
-4199
7275
3195
-4649
-2962
497
7712
3118
3330
846
-2313
-5324
6890
-6572
2825
-186
772
6341
2397
6573
-5009
2723
-6540
-6412
5258
-6364
-2951
1935
5433
4593
1023
-6579
4055
-2867
-2689
-5993
6169
-2790
4938
1686
6596
-5188
4901
6400
-3947
-86
-1599
5364
-831
-7014
4851
1972
4248
6123
4099
1694
-7327
-5937
-3457
5919
6468
6105
-7746
2711
-4575
-2622
5257
-5492
2400
2382
4007
1910
5734
1095
497
-5299
-6077
6711
-7748
905
-7389
4915
-4209
4671
3953
7703
-1448
4438
-5320
2907
2544
-6665
1200
2611
4585
5164
-7097
2757
7485
3115
-2674
4406
-2060
-4026
-2312
6249
-1513
151
5874
-1449
-6030
6297
-3619
-1700
3156
-6752
-1083
-5378
5498
1409
6069
957
3284
-544
-3518
56
-2466
-2803
-4273
-2067
-6774
866
-5474
-1022
4652
754
-1858
-3946
-6908
-3797
2417
-4399
-5312
7337
1713
6383
-7228
-7182
-6808
6810
2039
7073
-46
-2490
-557
4975
6106
5517
-5641
-5980
-4363
-3876
3425
-2024
2915
992
7269
-6029
4858
-6725
-2014
189
-3312
1213
441
6940
-217
1752
7570
788
749
2524
775
-6383
-7052
-7594
6404
7593
5735
-6323
-5472
-5714
-2386
6492
801
-6557
-329
257
-4774
-2557
1344
1751
6172
6571
-4848
-473
6426
2747
-6534
6183
-3551
2028
1621
5037
4184
3109
5982
2776
2889
4631
4992
5956
7456
-5207
4636
445
-3225
-2779
-6384
540
3204
3500
-5521
1563
2258
-2557
-6723
871
-6896
-4718
-31
-1907
5122
-5496
-4683
1494
5425
-5787
-2816
1229
7383
-5637
-628
7026
-2304
-3805
-342
3010
1229
1087
-4262
-3380
-3226
-1244
6722
7571
4738
-7087
1357
5654
-3993
-5760
-3339
-5956
-3444
-210
4077
-5831
2542
-5825
3210
2112
-3650
-5231
1326
2585
-496
-6829
-2217
-6353
2797
2060
-1194
-7515
-6997
-2285
-7756
5553
-833
2140
4121
2986
4192
-7030
5569
-7065
1299
1833
-4357
-3971
4547
7392
6680
-6915
-4924
193
4209
2392
1904
-5094
4578
-2385
4778
-4429
-2087
5593
1825
-1304
4060
-6821
-6977
1096
4704
5754
2605
3188
7228
-3182
-2065
-4941
1386
-5330
-5362
254
-3706
-1747
-6639
-7310
-6441
3077
-4591
5949
-6393
-7626
-6293
-668
6507
3344
6567
3481
5062
7402
-2509
2681
5343
-7717
-1944
4758
-2359
4530
-7269
6839
7012
-4091
-720
-4507
1974
1181
-4004
3346
-2828
-56
1482
-1409
130
3729
5735
-449
-13
5216
-4053
-2036
4805
1250
-6441
3062
2073
154
735
7526
-3129
2005
6552
-3929
5726
-1253
-624
615
-7158
3911
-3125
-2174
-3958
6896
4230
4712
3539
2879
-2823
-4286
283
936
2217
-1998
-5626
3588
-6021
4259
-4071
2526
4699
612
-2555
4165
4495
-3914
-4901
-3214
4513
-4247
-7116
-5698
2119
-2534
-6615
-1464
-4908
5464
-5671
81
-6635
2424
-6795
3394
-6659
-4609
-831
-4868
-7436
2910
6197
5802
-3564
-4171
2154
-6881
-273
5793
-1556
-2846
-5540
-133
-5
4391
5145
1920
-4159
-7576
-429
-2017
318
1475
-6679
2062
-2944
-5526
5992
4764
-2582
6368
588
-3471
5084
4836
171
-575
6494
-7188
-1868
-2875
-1494
405
4805
7040
-2290
2137
1147
1364
3101
-7095
-7739
-3667
2192
-6606
6207
7787
-4319
4386
5465
1638
3668
-1760
5980
939
-4736
-935
-6722
-5328
416
-777
-390
7461
-7458
-3398
6689
-1936
7278
23
-7658
3293
1468
-7585
7438
-3426
-6378
5832
-2724
-2158
2405
-5072
-7606
-1013
981
6913
7738
4784
-1835
-6796
7268
7121
966
-208
6769
1320
4933
5645
7196
5126
-1417
7351
606
-7035
-7320
959
-2649
-5886
-295
2439
495
-5702
5907
702
1824
-925
-198
1750
-3227
6507
3493
-3045
5815
-3354
4560
5498
5778
2407
4058
5888
-280
-4445
6153
-6759
-3668
6646
2012
2222
-6326
-6096
-2424
1982
-3259
-4330
-4402
6378
3284
3939
1042
-7756
2633
-3278
-2262
1362
1907
-5515
-952
-128
5432
-3980
-1326
-2661
-613
-2985
-1608
3531
-3425
-6682
-1333
-1212
-4965
4055
-7043
315
-7361
-2906
-1120
3735
-6779
7734
4518
4393
-2630
-5556
-2057
7089
-2532
5530
-125
-4913
-6263
6362
239
1663
-3709
7170
-2619
1405
-7324
4587
-7620
-3750
830
-6123
4377
1281
-1217
-3828
-2796
543
-3180
-5364
-2876
2003
-3108
3606
2006
2173
1323
-5931
5799
3599
-6655
-1048
-2551
-1825
-1690
3369
7392
-475
143
7584
3587
-6113
-5625
878
2981
1698
4862
-6901
-5572
-6130
-3726
91
4412
979
-4116
-1395
-3934
5746
486
-5948
2259
2370
817
-7378
-7268
7666
4530
-7689
-622
-3139
-7190
-4121
-713
-4276
4569
-5545
5234
1619
-3907
-7423
4028
180
480
627
-5927
4904
7044
-1322
3564
445
542
-1262
-4271
-5727
-828
-3726
-5147
-4110
-2876
2043
1290
-1527
6461
-7236
2010
3218
-4241
-569
-2249
391
547
-6034
-6515
-6058
2405
-3903
6658
2363
2587
3136
-4278
-3956
-5939
-736
-1871
1773
3350
795
6202
-6612
-4248
-321
-326
-5599
982
-6129
5431
4553
1841
-3904
-2141
-5424
-2126
-844
-2943
-6807
3066
-4098
4095
-2160
7577
7630
2423
-5447
-192
-7260
4865
-3928
2074
3254
-2728
5638
-4153
5485
-7047
4641
7168
6923
2109
1924
-4794
7780
5039
892
-150
-5717
2624
-4170
-1276
-1093
2210
-785
-549
-3180
1580
7071
-2628
-1368
-4670
-7640
-5927
1141
5811
-1541
-1186
7303
-4712
-1104
6414
5209
-6993
-6193
5903
6585
3239
-1333
-6945
-1950
2310
318
5496
-3293
7346
-2866
1339
1113
-3608
7251
-7340
261
7423
-4728
-5683
6148
1544
943
5639
4644
7651
4240
2767
-6427
6586
1584
-7655
2012
-7562
-6060
-7750
2560
2070
5558
7806
1603
-5120
2060
-4369
-189
1498
-3897
-7013
1835
-813
-4884
898
-6355
4598
-549
6828
5163
-4122
2509
6548
-4622
-3720
7433
5203
-2742
-6440
5265
7630
4169
3737
-7274
-1313
7156
2598
2130
-118
-3717
6772
681
6657
-1127
4336
-258
331
1121
7005
-654
-1529
-4203
-5957
-2066
-1012
-1865
-2446
-3622
3932
-347
-5443
4477
-3264
6106
5015
3235
6177
-200
-1721
-1754
4622
-2762
6739
4193
3924
3989
-3877
-3558
-2703
-3958
4327
4307
-348
6182
-5572
7179
-2768
521
-3529
-6649
-6912
-1160
5640
-2363
-2140
3569
-6214
-3776
-4444
-122
2282
-6908
4928
1935
5098
1766
-1889
-6592
6020
3220
-2011
2535
442
5453
1631
2682
5546
6675
-3882
-5796
-7059
-2982
1583
7120
3194
7256
2877
4793
-3606
6972
-3142
6489
-7748
-5300
1338
5162
4279
7262
7109
3213
3396
-2715
-1338
-3975
-4347
-7519
7247
-6614
7695
-3721
-3870
-6450
1836
5525
-7142
-2782
5695
3547
-5802
-5723
2706
-405
-6320
3497
2107
2830
846
-700
3006
869
-5299
-1410
6694
1175
3154
-5466
1468
3315
-3541
2078
-7492
401
3440
2157
-1159
4110
7187
-3277
571
-5701
-1188
-4535
1706
304
6774
-3273
-3951
535
3840
6867
-6409
6353
-1629
-6801
-285
-5560
-4455
-5902
6294
544
3988
6615
-6141
-385
959
512
-4087
1060
5048
5023
3171
-3226
-7325
-2936
5618
-7636
1603
-6146
1438
-1643
-7092
3568
-3103
-181
4580
5152
2071
-6961
7062
552
1395
3237
-646
3794
-4234
-6773
-3507
218
2099
-5545
-2571
-2543
-231
-1357
3060
-2426
-1181
-2422
-760
-6829
3747
687
4552
-6441
-6580
1319
6523
3303
2170
5772
-3230
-3520
1923
3936
-7539
6228
5703
-2507
-1366
-11
488
4602
5986
-7556
-4568
1233
-2170
2791
7350
5609
3774
4012
-790
1240
5383
443
-5254
4093
-3340
5456
2779
1242
-5877
-2384
-1907
-4877
-3969
-4017
428
3204
4511
-6170
720
2684
-5914
4692
-3168
455
-330
-3631
-1022
-3642
-7432
6001
5411
5763
-642
-7656
2770
4557
6339
-2264
-2013
-6624
3891
4619
-3689
-7163
-6484
5279
4580
5839
6921
-2512
711
-6805
-5633
5355
2189
2576
-6089
-6645
6746
-4981
-7730
5071
-7031
167
5955
4279
-3089
4481
-5798
3437
5670
6633
970
-5832
7282
2298
-7639
4776
325
7095
-4822
-6777
-6796
-2643
7117
3205
-7153
-6785
5099
7406
-3227
5908
4664
-2445
-1738
3533
-5979
3713
202
-3238
-663
-1941
-3691
-6778
766
-3495
3332
1667
-6531
-4156
949
-3541
-2394
2692
2356
-3090
-1189
3015
-1335
-3902
3335
3250
-5807
914
-7008
995
-3366
-4448
-3105
4648
854
4771
-4379
4975
5805
4927
-6332
1325
-1219
-5051
5708
-7356
-53
-4498
3875
-5510
224
-5127
5318
6701
-490
1567
2139
2243
-5332
3670
-4575
-885
7762
132
-3323
803
-2183
111
-2035
-3463
-2048
-555
5674
5272
2933
4296
5728
-4932
7610
1790
-1903
749
5202
-3671
-363
-3100
5709
-5310
6955
-7436
6173
-5433
218
6849
3238
4708
-161
-6031
-2267
5616
-1682
3497
-2024
-3094
956
-6177
-6610
-402
-2570
-6813
-5698
4067
2475
7316
-7417
-5700
-3597
6104
-2471
-4455
7208
-3384
-1349
-387
-4348
-5197
-2765
3303
-3415
3507
1834
2715
-809
-7276
7434
-6939
-5641
-6989
1198
329
-5263
3312
-3417
5025
3543
-3022
-7761
7758
-4003
-2420
-3782
-3881
2736
3408
4271
6200
6024
-6306
1691
-5204
5013
-3561
5323
-2881
-3025
5671
-1281
-127
7221
-7168
-7611
-5854
4683
-2489
7710
413
3029
7761
1086
6838
-1745
5843
-4856
-6822
1438
7227
-7707
376
-6165
2523
3711
7388
6774
1949
-2579
-3337
-193
3952
4348
-784
4596
5277
1901
2194
-4298
1798
-5206
6543
2473
3692
5568
-6358
2449
-6374
-5367
-3925
-6232
-4535
4990
-4585
5800
889
-5010
4761
-4975
223
-6389
2644
-2910
6498
-5226
-5400
4689
4487
4606
-7421
-801
-7685
6934
-6141
4546
5417
-4686
-817
6855
-1514
3797
-6463
1763
974
-3235
477
-5950
294
-2575
-3113
-6568
-425
-7554
-939
-1740
-4968
2200
-4863
7332
-279
-3745
-1282
-152
-4624
1117
-3419
-6293
4970
3576
-6523
-3630
-440
-5174
6672
-6551
130
-664
-4689
-7388
4573
738
-5417
-2938
996
2183
3134
4567
-3430
6810
4813
4103
-4748
-4281
-3135
-832
5375
1259
687
2532
-2251
1976
7441
5849
5342
6300
7110
-2341
-2177
-4665
-1190
-4690
3885
1205
184
-2205
-3698
-3768
-5450
1412
-4043
-7723
-2298
-979
-4192
2380
6728
-5903
-3447
330
5168
2114
-4780
4796
150
-7251
3283
174
-1779
-5980
3322
4843
-2858
121
-1037
5865
6456
3077
-5715
-6807
-2597
-1946
-5991
2918
5614
-2370
-1788
5257
266
2577
-2226
-2378
-2395
1533
-5395
5568
2095
6428
-1344
-7497
-7365
-5835
5885
-1683
2099
-2965
-2904
742
-6973
-80
2474
-1758
5786
4295
-5926
4315
-5161
825
2486
2918
-4411
-6826
-6546
1734
2519
-4129
216
-3199
-5514
6684
-2157
-5066
-6963
-3357
1790
3675
2217
6698
-2669
3056
-1194
-7281
-5787
-2494
5553
-3174
-5265
-7420
5464
5033
4037
-6033
6019
5303
4240
1453
-5912
-3357
6793
-3613
-4485
-3176
-140
-3636
1279
-5436
-7047
-4317
-6551
-1904
7279
794
-646
-5594
6113
-2906
-229
-6238
-1787
-1851
6608
-5563
656
5541
-7346
-2917
-92
-4718
1539
-1111
-519
4866
4252
-7745
-5856
-1555
-4642
-4364
2667
-3381
2271
2133
5953
-6188
5078
4253
-1282
-2236
5827
4744
3725
5349
7720
-3432
3805
-6711
2191
-4100
-3617
-4083
3328
4403
-6303
-233
4470
-4347
6024
7640
-899
879
-2827
-5714
-4074
-4687
-4090
-6081
-7520
2440
-505
6847
98
-3866
4383
733
515
1102
1834
-5107
5542
6029
-651
1057
2619
858
-6988
3
5050
7575
557
-2935
641
5542
-837
5107
-6230
2885
6838
-5938
-1761
-1480
-6904
6150
3193
6019
-930
-3378
35
-6182
54
-2236
7659
7215
6634
3192
260
-7440
-4618
-2503
-7678
3751
2374
776
2207
-5549
-1203
3789
5148
-2178
6391
-4425
4881
7299
-5361
261
6232
2248
4696
-1545
3878
-3063
4031
3724
-2933
3579
-897
5866
3951
3024
-4449
4086
-1038
6464
-2224
-6644
-6897
4385
5685
6790
-4879
4263
-5448
-7811
4476
-2270
989
2896
7790
-1401
-5735
3855
3349
6108
493
-6670
2602
-7490
7008
-1260
3346
-4527
-4260
-4778
-5875
2055
-2882
-4233
-1373
-5010
-4529
2287
7792
-1437
2288
4455
4105
-3808
265
4810
2603
2342
1579
-1134
1365
-5740
8
-3846
-4691
-796
3433
7195
2489
6986
-4669
5153
1228
261
-6166
-7230
3790
-2882
2869
3769
3493
-1928
1139
-215
2076
-6409
-2491
-3134
4473
6901
3545
-1975
-5925
-4260
1991
-2077
2756
-2389
-2695
-1840
-2489
449
-4500
6552
-6376
-2853
-7764
5227
2077
2917
1910
-1516
-6824
-4764
6808
3064
-2633
-3495
-7155
-5973
-4407
4202
-136
-2520
-7144
-5231
3215
4152
919
-6565
-5501
6243
2423
-1462
5709
3859
3497
5757
1273
-1512
861
-3902
4784
2577
-854
3780
-1445
4325
-6801
-788
6891
-3396
-3672
-1058
2623
-2276
2250
-1248
-5937
-4643
726
-2899
-6213
-4664
3451
-7590
7008
-137
5979
1195
6890
-246
5105
4589
-4755
-3561
1283
1613
-6322
2294
-6988
-7243
6710
-2120
238
2247
3416
-5324
-6087
5291
-2155
2452
-4694
171
5600
7296
393
4795
73
-714
-1822
-849
7579
-4530
-4073
-4988
448
5749
4437
2666
230
5988
3235
-146
-3945
-3613
-5712
-7615
-1125
-3987
6215
4532
6277
-6292
-2383
4792
-6081
6549
1774
1804
-1978
-7134
-6858
-2211
-3124
-2392
1340
5863
-4456
-2036
716
4313
-3134
-3135
-3646
1461
1065
-819
1658
7752
3007
61
5199
2198
2308
-4997
-96
4039
-6260
-5407
-1969
301
-4729
-288
6629
686
5860
156
-1263
-5682
6659
7265
6444
-4287
-3682
-4288
4986
5195
2706
-442
5861
-1373
-7467
3247
-6261
2654
6790
1456
-393
-6556
3861
6177
1557
7671
-1923
374
545
-3149
-6556
-7804
-1019
-7709
-7625
-1661
-3457
-3495
1864
-5557
-5386
-3243
1813
-6610
3923
2159
4449
5474
-2273
3426
-883
5873
4682
-4108
4238
-846
-3522
-4771
-7558
4835
-108
-6302
5570
7412
-5472
5757
-2061
-1117
-4823
7615
1138
-1670
-2714
-4134
-468
-6604
6564
-3831
7409
-2795
-7491
-559
-4735
5731
3145
-7583
-2928
7435
-4542
-1947
5184
3889
-437
2941
4216
1904
1613
-5658
-6299
4602
-5129
3379
-4154
696
7057
3191
2631
5808
-7726
2227
-4073
-7405
-6145
-996
6865
4813
-766
-3149
5162
3231
2716
3261
35
-5533
-1611
-3562
4910
-7084
-681
7150
6057
2002
2716
-5909
-4388
2687
5094
6055
1409
5180
469
5148
6314
2137
-3660
6094
-136
4113
-4868
-2060
258
5661
-6612
-6793
-7685
317
-2543
5764
1045
5315
5101
-710
-496
732
1193
3655
-4394
-799
1897
4828
-2705
-5446
2890
-3477
5230
7042
-5196
-2719
4069
-2251
3033
-2758
-4403
4961
-1739
-3549
-2535
3531
-4871
6322
1760
-6856
-1474
-6548
1688
-7367
5646
5834
-354
-269
3576
5480
2097
-1347
-5809
-486
-1390
-2466
5334
-4407
3095
1281
647
7231
-1571
6721
-3404
3706
3166
-463
2943
-2887
494
-6344
-896
-4904
-5898
-3062
-6883
2287
4481
4505
-45
-508
-3927
2685
7545
2495
-7594
5793
5900
4041
-739
-1265
3459
6230
-1630
-7757
2850
-6277
319
-2020
-625
-7000
-551
6292
-4091
2090
-3856
-2435
-2709
-7188
-5015
5058
843
-1130
657
575
-5721
1603
-1445
-7634
-2169
6355
-360
-5796
4772
5822
-5014
-190
-7541
3118
6329
374
4657
-1308
-1147
-7247
-7031
3536
-1142
-1927
4887
1655
-3955
-2083
-6561
5242
7031
-4470
-968
-2227
-4292
4675
-2958
3888
6691
-5271
2624
-5408
3078
3623
5522
1594
-3816
2366
-7526
3576
3659
-6018
-701
-5296
594
-3627
4898
4452
2829
6149
1881
2047
-6134
-6173
-7266
-1887
6314
-2412
-5812
5919
856
4625
-7302
-3879
1162
6032
6255
5158
1313
6541
1648
-2841
-6563
-6866
402
1844
-1954
-2513
-790
-6938
-4177
-5995
2921
-2499
-4356
3467
3426
-5128
-6031
6154
-7022
2638
3693
-5784
6571
-2958
-6838
5013
-5613
2287
4468
4574
-7640
6445
5520
574
476
-3520
5873
-7400
-2646
-6117
-4856
-6811
-77
-673
4468
-4463
2011
6249
-5395
3528
1074
6110
5556
560
-4661
7258
-1513
-1735
1732
-4857
-4974
1905
-5498
-6540
-5334
3517
-2248
-6546
3929
2918
-4124
7612
3919
3612
-874
1301
7688
-5949
464
-5520
5391
-5547
-7223
3862
2825
-3345
4034
-5774
2732
-2047
-2092
6297
-7228
222
7569
-4749
-4074
-2492
-2756
-7231
-6660
932
-7432
5798
-3269
-494
13
-2667
2096
-7336
352
402
-4344
941
-2822
6293
6135
-6601
-6566
1054
-836
-846
-462
-251
7189
21
3539
-3971
6068
-6303
-3389
-7678
2441
-3009
5932
7712
5037
-1141
-2768
-680
63
5397
-7364
3531
-748
-2374
2739
-2425
-1163
3985
7168
6541
-3947
-379
-796
-4571
7454
-5070
-2
5710
-3561
4421
5844
7419
-5674
4691
7318
7175
-4263
-2535
-590
4339
-4224
-142
58
2840
5297
-5016
-6671
-2952
7508
-7315
-4224
-4252
118
2792
-283
486
5534
7527
-1617
-5113
4135
-2858
-5506
6273
-5980
-5274
6363
-1704
3
-1313
-5177
3591
6357
3420
-654
4568
6216
487
-6196
5911
1711
-2608
-5427
-5257
-7628
2102
3042
6445
1816
-5661
-5753
-1135
-707
-2720
-1947
1852
-182
-3397
-6937
-7264
3102
-3575
4866
2373
7657
-3601
-871
6787
5426
745
5612
51
5949
-7628
3334
6860
2287
-1437
6220
-2983
1441
-7346
3695
-7078
-2254
-6065
3313
6103
-923
4188
7378
-4907
-7200
4432
5278
-6629
-6255
-3406
-7655
7710
5878
5769
-51
4742
6681
-4530
3789
1155
2572
2196
5984
-3073
3389
2593
-1612
-6678
5067
-6111
-7660
-3669
6616
7530
-764
-7669
4876
-2571
-6486
6434
1835
-6328
7058
628
-7645
-806
-2443
6848
3203
-5740
917
-1311
4996
-184
3429
572
-5404
-5996
2434
7476
-3568
2586
-3279
-4764
3030
4497
-4621
94
-5887
-3295
-558
4487
-1084
-1313
-2698
-189
6421
2671
-1154
2538
5471
7576
-6585
2654
306
5383
-4587
2714
-7699
5659
3104
-3454
1159
-7260
321
-2896
5049
3512
5010
6974
-6869
-2634
3648
587
3865
-6862
-7415
2473
4348
-30
-2074
2006
460
-847
-2426
-7047
-2550
800
4207
-2437
-627
225
2648
-6553
777
-4844
-1637
-1987
7207
-3713
-2826
-6747
1465
-6263
1652
-2483
-4586
2776
-7095
-7324
-5067
-1357
3222
3933
6335
-7017
4698
-3301
1595
1819
2801
-6117
-5768
-2363
-4858
2821
1332
1317
-6251
1454
6143
-538
2519
-205
1011
-3642
5851
4964
7673
7295
5453
-5207
-1148
862
7265
-1899
1657
4151
2612
-3833
-1116
-2399
-1411
928
3777
1543
-3336
-1977
-4226
-1775
7289
-5896
6226
1995
2438
152
6892
476
-2697
6752
-41
-4330
-5540
6623
4344
-6088
-3088
-1084
6602
-7562
3622
-2326
-1422
-4875
7141
-4731
4480
-3281
1105
-6832
3483
581
-4189
1897
-4509
6061
-5764
-4703
-1276
-649
-5763
7222
3561
-2764
6760
819
-313
-3414
7547
-796
-3164
4083
5417
3954
7020
4745
7035
4414
-5621
327
6121
5674
-6177
-5881
-242
-2147
-7633
1806
962
-369
-5928
3738
-233
5445
-6839
-1286
-1549
1388
3839
-1087
-7221
-6410
-4090
6735
5356
-4155
4394
4578
-6827
6585
-2180
7107
4447
182
-5860
-3608
5847
-4953
6738
-1004
3217
-7003
-5078
-4829
6981
-3378
2425
-1654
6549
-1549
5798
-7758
-147
-6104
6789
-2604
-1720
3371
-5111
-735
2143
521
-714
-1223
-7110
1239
3709
7276
4098
2634
-1541
229
4170
1920
3212
3338
7082
-2176
-5402
5818
4815
-7416
6600
-3145
-4981
5576
2791
1111
1134
5492
-6710
-3808
-1073
389
2781
356
-5458
-1323
-181
7179
-5775
6817
-405
6207
925
-4279
2459
921
2085
4870
-347
-913
5993
-1560
4481
-6074
-3796
-541
2849
5877
-2135
4678
-5744
5331
-2019
5577
-2126
335
-2832
5505
428
-794
4510
-7790
-1673
-1651
-3529
-7026
7082
6368
6383
-351
-2358
5290
5902
-5690
7028
-4980
2309
2791
-6916
-6912
383
-4847
6232
6177
-6356
-2980
-574
-1376
-5287
7667
6369
7762
-7209
-3116
-975
-2926
-1603
-1706
-3644
-2306
5755
1810
-4829
4571
4660
-4887
7403
-844
5716
-7325
783
-987
-3633
-798
-2623
-1450
4035
5343
4986
7287
5197
3543
-7662
6527
-7386
-825
-3484
-450
6008
684
5056
4677
-4591
-7586
1436
-7744
-4661
1753
-49
-6031
2967
-6352
794
-7752
1390
6711
-1390
-1661
4241
-4216
-2187
2352
-7759
-1310
1793
-6606
5677
6121
756
4599
-280
-2001
1463
3668
-1775
-4187
3736
2103
5379
-3399
4611
1260
-1939
-1681
1321
7263
-2056
7743
-1484
-5628
-3559
4141
5263
-3506
-4255
-756
-2300
-5664
-1721
6268
6747
5811
-3546
1125
1666
3218
5477
-1684
-1765
3770
3456
-4240
-2782
-5568
2619
6351
-5391
-7250
7008
938
-4338
-4363
-2007
-6888
-57
1551
168
5456
3699
6260
4638
3361
4985
-6720
-3327
-434
5037
-5663
6421
-3813
5920
2065
-241
-4675
4309
-5435
-5410
7457
-4872
-6215
582
-1398
-2766
6388
253
5717
126
-7391
3360
-3261
7408
912
-7713
4580
2731
-3228
-2940
-44
-351
-4331
3955
-2244
5546
-3372
1620
2769
-994
4022
2413
2673
5619
-4090
-5811
-4232
-5515
2254
-6328
3150
3402
5571
-7197
2997
-1330
-6370
492
-6411
-1786
5364
2084
6402
-6053
-1774
-2928
-7593
2666
6504
3715
-5414
3440
-957
5071
1247
2765
7799
5554
5789
2241
7038
1853
-1443
5523
2468
-6258
-3620
3910
2773
-1492
-4961
1051
-7221
-5645
3538
-456
-760
3757
-4875
-2069
-340
-2477
-6441
6515
-4491
3345
1467
-3778
1813
170
7002
1765
-5790
-2253
-525
5217
28
4394
2042
-5012
-4910
4893
4578
-3592
7060
303
4492
-786
-3752
7429
4958
4447
-2134
7056
3876
1187
2588
-1743
5949
-2685
6239
5138
6892
-7364
-4928
-1446
6392
2912
-4138
621
6439
-1236
-1572
3932
3712
-2324
-3578
391
4702
1209
734
2574
-1430
6412
1817
-5367
514
-2681
702
-1350
2446
-872
-4025
2252
303
-1140
-7007
-1117
-5314
-3332
-7582
-5960
3971
-1341
5784
597
4874
-4880
-6098
2490
4869
2448
-2748
-4374
1048
7608
-1928
-5524
-2158
6586
938
-6798
-1371
4725
3267
7471
-3501
4799
-1459
-275
-5619
-501
1577
6892
5970
275
-324
3031
3207
2118
-2292
263
-3247
3499
4429
6340
3295
-5312
-6997
-5949
-5812
2480
-4935
1356
120
6871
1015
4431
3858
-7530
-2930
6778
-219
7186
5857
-1335
-352
-1552
-6117
-4230
-7247
-596
4572
-1955
-4183
1188
-2700
6924
4415
-1885
-6111
7143
-7217
-3233
686
715
-3448
-5385
-1940
-7403
-4375
3670
-7710
3945
3043
5959
-5202
-4394
-2679
-3507
-85
-1387
4436
-3326
4471
-7559
5675
-6042
-7721
3004
612
-6019
2334
1934
-713
-4065
-4437
3651
-911
2163
4788
2526
-1980
4890
-1341
-6023
3763
1269
-1878
-6728
6301
5849
-303
2925
-5289
-2918
3178
-6700
-421
3996
4116
-6894
5789
-635
2852
-2010
3112
6228
-6171
-5612
1305
6429
5454
-7761
3506
-3700
-5972
-544
6108
690
1267
4596
-1274
-6121
-292
1976
-1227
-4200
3088
6165
-7289
119
7083
7039
7296
2849
-2783
3322
1991
-1142
6249
-4517
-1799
3890
-4466
-5379
-6896
-1898
2616
7751
6604
-3929
4535
-2483
-2238
-2843
7306
5074
1497
3308
4153
2020
-4386
4150
1246
-4176
-813
6275
7685
-6635
-1953
6849
-2612
4787
3653
734
-7678
4570
7375
2751
5235
6166
7361
1957
-3402
-1963
6927
-3909
-4702
611
-7687
7264
-4455
-3533
3601
4603
830
-4298
3793
703
-3120
-5246
-261
2807
7354
-4421
-4272
-7410
-6937
-4709
3153
6111
-5629
2701
982
-1219
-6348
823
3411
-3237
-6379
3537
-3059
-2295
-7809
-7271
-5504
1560
-3029
6828
-5550
1663
-6231
2728
-2616
-5963
6847
924
-5560
7722
4754
6132
6747
7665
1748
-83
-1367
3212
-7073
-5768
7787
-4912
6308
-3085
605
7038
-1816
3640
785
2967
2655
3775
-2456
4964
-1310
3467
7540
-2276
-3422
-5833
-1639
-5753
-7513
-1978
-5901
2047
6478
1271
-1827
7218
4042
-1852
-4780
2537
3602
4364
2489
-5300
919
-4538
6206
-4239
7049
-3336
-6361
-1347
-7682
-6633
4190
-2564
-4654
-4535
222
-3628
1299
2860
6958
-35
-3682
-2681
97
-7452
4006
3856
3624
-205
407
-1699
3035
-6487
1575
1428
-2186
1538
6632
-735
-7622
6762
444
5107
-2888
4330
-6514
5146
-6384
2598
193
-7238
-4523
4324
-1380
3386
5411
-5187
156
1949
3147
-7250
-7563
-1631
-5197
2551
-7288
1156
-3724
7156
-7392
-2806
6832
1592
-4785
-3868
-1164
-3486
-6535
264
7651
2198
1565
-4685
-564
-7628
7240
-2966
-5003
-417
6795
5957
872
7772
-2760
3487
2510
-2236
-3170
7326
-2166
-2022
-2566
-3146
-7516
1188
1525
-868
5514
2802
7208
5352
-2086
1688
-6419
5162
1872
-6992
-4890
5409
1130
-5180
4280
-5810
-5221
-6293
6216
5828
11
-4039
6068
5657
1751
-4311
-4575
2774
4690
4762
-5907
3118
479
-5785
1385
6932
3715
2778
4282
-1498
4326
7204
-3902
-2357
-5789
-7435
372
-2471
-5916
-1224
-4455
2634
2549
-6200
479
-2786
-1971
4443
7800
-4367
2120
-5920
6563
-4487
-3166
862
-5368
-7263
-3445
7453
-949
-6932
6845
2961
-750
-6030
4065
7435
-688
5961
-875
2669
783
-6139
5008
-5824
-1113
-4776
7158
-1126
-1331
2192
1493
-1853
5517
6139
6821
-6936
7415
-4437
-7296
-620
-2830
7361
-4745
4960
-6481
7132
5309
1370
6008
-3379
-3774
-295
-1706
-6579
1693
5720
-2815
1765
-3219
4393
-3855
6813
-5273
-5424
5139
-5537
-4548
5469
-2162
-3304
-2964
3548
-3756
104
695
-1698
-577
-1809
7484
-2382
2624
-3376
5862
-6168
-1415
469
7364
3582
-5578
-2941
162
-894
-3941
3429
1494
-5888
5704
5486
7393
-3544
-5631
-3383
-7082
-848
5260
1425
5994
-2403
-7470
6392
3755
3693
-4796
1804
5337
2328
-5539
5615
-1903
-3305
-5139
6798
3613
-541
3141
-1979
1384
1032
-4306
1691
6028
-1398
6120
6758
5567
4294
1098
3748
-5921
2167
2327
5646
-1952
6070
-363
-4428
585
1910
-5898
6494
7144
-3225
6207
3671
4774
1535
-6120
-1655
-4518
-1887
-7050
-5576
4528
7610
-5904
2282
4091
3733
-1056
5982
-1912
-6542
3815
3948
7341
-3633
-7566
840
6089
-5652
249
6148
-337
-1357
2006
-3376
-6908
4425
3508
-2887
-5274
4270
76
7793
4794
1985
2262
1073
-2095
-5880
-758
4532
-3883
-4028
667
-4355
151
1641
5025
-846
3801
-2539
-2511
-3622
3916
7308
1541
5547
3920
-2037
-4425
7185
-5579
3463
7165
7027
-2365
2341
1014
4080
4273
-7556
799
-7422
-3045
-5619
-3238
4918
3834
-6026
-3741
549
-753
1561
4740
-3923
1783
-1532
-6188
-2110
4244
-2801
-2737
7204
-7151
-3385
7145
-976
6769
1074
-3982
3956
1330
5356
4346
6824
7549
-6704
3929
3570
-4191
-6898
-2966
2869
2475
-6039
6758
-3555
968
-6516
2875
-1874
-778
-7675
-1756
611
-2521
-1696
7447
-2838
7190
-3621
-6694
707
-6078
5464
-282
-6341
7299
-3439
5768
-4704
-2525
-5011
6704
-7135
-2511
5649
-2151
6997
7673
-7089
-2690
-918
-6225
4094
7505
-933
-5415
-7759
4768
-6038
-3568
5886
3208
-1833
4265
-4160
365
4478
213
-1680
7586
6227
1849
7204
6904
7150
5768
-2332
7061
5628
-1609
-2714
-3103
706
-6433
-2683
-7313
-4036
-1903
5267
-2262
2342
4068
-6140
-6577
520
-2488
1600
-2088
6264
7732
-1587
4678
2495
-2196
4497
2560
-4241
-5648
1808
-6426
1282
6906
-989
-5098
-7340
4867
-4599
-2837
-4849
-7144
3440
5305
5463
5112
7267
-1103
-5189
1054
4621
-6738
1701
-4779
6480
-3617
838
3891
7482
5136
6782
1478
6523
251
1298
-1552
3693
2498
-4498
6906
7473
-808
-7324
3101
-2588
5951
400
-3134
-2965
3751
5733
-5429
5552
348
-2396
4219
5270
6981
1024
4940
4305
-7
-668
3742
-6841
-7183
-5623
4664
3854
-1582
3757
3515
5422
4973
-470
-4979
3111
-7156
-300
-6939
4407
-1653
-4556
2874
7234
860
7
4691
756
-6781
2545
-2752
1024
-5936
-6823
2722
-4579
-4634
-427
7087
2323
-3755
3516
-68
-6595
-4767
2766
5055
-3383
-4620
5928
-6062
2266
-5714
4624
1687
3686
-3181
-1435
-3371
-2150
-6702
2416
7413
-4099
3405
2323
-866
7310
-5190
-864
1820
-406
-4434
-6061
811
-1388
5244
-1219
3768
-6462
-2377
5518
3616
-278
2330
-2510
-3678
6961
3868
763
-2275
5705
-4634
-2675
-5480
7310
-7438
1467
6807
-4815
-6483
1541
2591
-3105
4019
-3683
4046
2178
3637
1
3528
-6553
-1566
-668
1708
-7049
4634
5842
-7174
1416
-481
-910
-692
3424
4227
1641
2921
5329
-3978
2642
-6572
-1922
-2903
3831
2785
-6696
-6938
-254
3294
5238
-7339
-991
6498
-1093
6153
1120
-330
3702
-123
1035
-2695
7208
-7688
5153
3547
5079
-292
-1345
2595
4269
-5788
3835
-5466
-879
580
5858
964
2182
-2209
-3555
-393
-1735
3994
-981
4984
3061
-6946
-2431
-1050
743
7143
4068
865
7268
1408
-3401
5261
-5970
3794
43
6111
6545
-3208
-7168
-2147
5184
7229
7357
-447
-2792
-4011
7700
4012
-7103
-1094
1183
3771
-228
7291
-5092
-6571
6622
7515
2107
6804
1837
7245
4252
3679
3953
-2791
1977
2685
1813
3348
-6547
-816
2765
-7003
7277
-7113
-2475
7164
4711
-1765
-1016
-1192
-5080
6569
-1713
-2360
-7088
-2177
-2657
2831
-3186
7719
2264
-6020
3586
-869
-999
-1523
-5996
-6999
-5987
-4731
724
5317
-3195
188
6016
2142
266
2914
-6709
7790
-6091
-3977
7273
735
1476
-7628
7097
7358
3016
-3902
-7634
-1806
-1383
3764
5137
5430
-5571
7680
6970
-3019
-4137
-118
-4788
480
-7016
-6585
-5190
1063
4868
-3360
1040
7316
476
500
239
-5134
1411
-477
-5589
-3386
4161
-4684
3347
-4308
6893
1399
-6690
-5764
1266
-7533
-244
4942
888
2780
-1664
1685
4734
958
-4338
1789
5411
5241
1292
-1199
-1345
-5555
1479
-7747
2508
4429
-3320
-417
7557
-7059
3087
7364
2152
4209
-6213
-3667
5216
2082
-5811
-1709
-2951
337
-7110
-6030
-5790
-3636
4298
-7465
-6208
-2222
-852
259
762
-7186
325
-4543
5782
5544
2852
5526
6297
-1146
5078
1364
-4750
7404
6236
-6620
1674
-7388
211
6535
1488
913
-6580
3510
5090
5530
4584
6694
-3778
-4081
-859
5524
-2728
-7620
-6832
-4759
5736
4560
-6318
4947
-4399
6572
-775
-610
6163
-2352
1310
751
-1201
-6292
201
-7525
2433
1433
4524
-290
-123
1296
-681
4639
5754
6999
2350
-4786
7191
4057
-1006
5114
804
488
2975
4944
-26
-5612
-2751
-948
575
6371
7615
7187
-7734
3
-7424
2511
-5650
5639
-4864
2040
-878
2267
-1134
-2209
1453
-6597
1544
1558
5272
-7275
-414
-1009
1753
-5252
-3151
-5359
-3052
1910
1505
6063
468
1308
5437
546
-5775
5825
-4028
-3612
3651
-1080
6240
-4312
-5899
-1980
2018
4093
-38
-4251
-2162
-1852
-2987
5236
5678
7305
-7102
-5285
-5866
-1614
4437
3451
-3364
-2907
-2327
-5013
6178
-289
-6274
-5663
3911
5916
1796
3065
-6209
3709
-6001
3621
716
1773
-7716
7093
-7165
-2890
5243
6326
-3398
5954
-6772
-725
-3473
5477
-5086
1702
-4516
1126
4501
-6150
-6976
6039
-3274
5474
4142
6335
1453
6473
2958
3264
3008
-3411
-2049
3105
-4131
-1401
-6871
-6700
-2888
-1730
7066
-1848
5358
-3493
-3457
-6814
6748
567
2124
3436
2956
3688
2389
7494
2076
-1282
6743
-3556
-1895
2616
-7378
-6699
7017
-1614
4945
-4927
4797
6613
-3815
-5177
-2930
-3835
1514
-4658
1211
6596
-3660
146
-650
7004
-4231
-5507
2879
6697
-5098
-2131
-1670
-6168
2125
4247
4260
2560
6087
4191
-6867
3946
7077
6469
2746
-3824
-5794
-7269
154
4259
-3388
-6448
3042
1492
2238
-4693
683
6546
-2388
-3524
5431
1053
2157
-4052
2698
-2803
-6891
-128
7569
7009
-3749
-6384
3869
-3758
-7001
-470
230
-4256
800
-6702
-7810
5224
-4610
3044
-1097
5440
6163
7398
4900
-3310
-3939
2518
5555
6758
7005
1167
-3858
-7698
-6046
-3375
-7775
-1256
-1947
3906
2798
-409
-4377
-4058
3147
4235
-2220
3149
2374
982
-893
-6536
-664
-1815
-6223
-3577
2687
-2350
7481
1156
-2678
6673
-4762
1276
6787
-2996
5713
7551
3560
-3320
3645
-728
4083
7807
3026
-583
4957
-7007
-4520
-482
2514
2400
1521
-5236
-7228
3110
-273
3998
-6325
-605
-1932
-1191
-1018
1118
-7000
-1316
6661
7252
-1578
3135
-3153
-5746
-5406
-6883
-5024
5433
1074
7745
6965
5093
177
2394
-320
-6115
4970
991
5535
-3116
-2097
7022
4818
3784
-1255
-4012
-2184
284
3211
-3335
-276
-6180
-7286
5110
-3386
-4879
6039
-598
-6532
27
61
-7380
-1965
-6848
3553
6254
-4424
711
-567
-6702
6134
5875
-6766
3867
2573
-208
-7231
-7423
-7737
3792
-2219
526
5424
-1693
-2177
-5775
1967
-3223
2166
3247
5343
-4859
4407
-4435
-3895
147
-5993
-506
-6228
1979
1331
7719
41
2378
4500
-5198
-5643
5081
-4082
-4841
1787
1511
4225
125
-7268
-5765
2163
2512
-449
-2757
-1327
-2918
197
-4733
1186
4114
3227
3005
-3478
4811
-2829
5666
5444
5752
231
2131
-7259
3127
126
-3529
6098
-5900
6521
2510
2038
7792
5285
-2885
3218
-2977
2897
-5921
2644
-4719
-2842
-3982
-7690
-6701
6835
-3356
5923
-3079
-5503
4281
-5140
2540
-1400
-3860
-1419
7265
1150
-3133
-5720
585
-7709
4857
564
6115
-5841
-3303
-3947
4868
-1412
6509
-6936
3558
-4559
-6814
4670
-4809
-2358
3507
651
679
-25
4050
-3867
7114
-7623
2527
6567
2066
-7692
-6966
-5162
-6862
6430
3941
7066
-7224
-7175
-3967
6183
-48
-4544
7786
-4302
-1290
-6841
-6718
1713
-659
4601
-5449
-7066
-2510
6413
-3121
-3208
7329
7218
-3727
1582
-7560
-2154
4959
-6609
-3537
1814
-6629
-2222
3179
-2784
-3125
-3955
484
-3151
282
7006
-1453
1376
1633
6427
-1109
4723
7173
4921
4050
-3760
-6100
3566
-3628
-1288
-1938
-3375
4370
-4065
-2172
-6253
6289
-989
-663
2382
4039
4024
6239
-2563
-6213
-1291
-3369
147
-7728
6803
-512
-297
3714
-1151
-3189
-49
2901
-750
-3568
7085
5774
3033
-3376
3058
6781
2264
4617
5984
-5811
-3132
553
6040
-6194
-1021
-3608
-3867
5500
835
4092
6312
552
-3506
-1071
-3547
3155
3552
4944
-1030
-4284
-6437
-1030
-5596
4408
3406
5274
4103
-2142
2805
2274
586
-7413
-4986
-459
-5795
2533
3745
-1850
947
-3233
-4844
-554
5131
-537
6914
-5501
-4468
3380
7255
2315
6908
-6268
-6528
-6501
5952
4690
7312
2970
-4538
2304
-2569
3861
2703
985
-4411
5448
-4295
7146
-3488
4464
-3173
208
-3175
-5128
7483
-4074
-2090
-4071
7119
-2648
6056
6941
-377
-7558
-7372
-1510
4945
7752
-6353
-6679
2971
-383
4994
-2139
-7211
-6503
-3777
-3694
-6443
548
-6315
-1804
-7057
-1678
1608
-6660
2060
7330
-2919
2093
-2403
-3948
1222
5032
-3694
2389
-4291
-5835
2328
-2105
-4701
-2514
5325
-6793
3887
5926
-4756
-7703
-4853
-3387
1384
-3356
3349
2139
2778
-2856
4018
-2248
-2612
-5986
7658
2797
-2122
1794
744
1996
-3630
4992
4701
7237
-4925
7812
-3089
-7413
-6067
-6288
6325
-3011
-6179
-6341
1415
3018
-1158
-2322
-1929
-6193
3361
-5723
-628
-7064
-3897
-56
4273
2520
-5348
-2796
-2570
-1166
-5617
-5682
-1742
-2730
-5683
3708
-1604
-3937
5232
-2364
864
7593
-166
-4807
2798
6489
683
-6217
-7517
-3769
-3401
394
-2293
1241
-6748
-5833
-4052
-4284
-90
1191
3089
2105
3321
-6465
-7710
6178
5782
-775
-4845
3202
4673
4558
2982
-3305
7564
-1306
-3902
1161
289
-3607
5932
5428
5327
-4174
-1144
6391
-1468
2617
-4978
6254
-4005
5923
1273
-7770
-7628
2102
6220
5967
-6485
-5711
2083
6727
6660
-2021
-3664
6411
4485
246
486
-2312
5179
-1395
-4697
2693
2970
1972
1998
-5584
-2497
5559
-7143
2037
3670
2670
2079
4581
-2314
1214
3462
-260
3315
-2268
-1345
2162
3523
3530
1487
922
-4036
-5112
7150
-5943
2032
-4633
5289
-2810
5878
-526
-582
-4432
-2779
815
5417
-6195
-3601
411
6198
1897
-6188
1848
-6175
5666
-7506
1019
16
4557
-3264
-5583
-1607
1239
-2883
-1543
3108
6962
1637
584
-2934
429
-7027
4296
3810
-1267
-1975
2141
350
2963
-5261
-538
-2952
-2910
-5776
-588
-5056
-4742
-7382
3499
7627
-2834
5728
-1793
6218
-4967
4477
2240
-5091
-972
-4988
-213
7269
-3476
-3003
3993
3069
2835
-1678
-3667
-2015
1600
4334
3572
7230
6371
-4829
-5639
-6184
-4399
6399
-5643
1307
4314
1103
439
-7739
-1506
-5134
-5018
5334
-1583
3308
5518
2753
-7507
1698
-1991
3867
-7066
2881
-5234
2347
-597
6151
1764
-2039
-6491
4664
316
-2350
3250
3212
6769
478
-3498
122
1279
2809
2800
4800
1057
-5868
296
-1238
4697
601
-7352
-4379
-2618
-6606
6314
-40
4280
-2096
-1702
-1042
4404
347
-4191
-2366
5809
7598
-6967
5492
991
-1925
-2199
-5543
-6929
-6485
7796
1940
-4541
279
-7110
-7656
-6206
-5923
-3496
-1012
-4717
-4995
6761
7376
1449
-2027
-752
-1233
6132
2870
4941
4855
3382
5786
2534
-3440
-3952
-7478
-444
-2342
-6150
267
7411
-2152
-6540
-6785
-1996
-4933
-4896
2320
2594
-1074
5865
2269
-784
228
-6843
6277
6807
7101
1334
3935
4144
-2370
2636
-408
2730
7223
-73
-5527
-2204
2316
2552
-2606
-7649
3825
-852
-1105
7431
2064
-5871
2939
-6823
-7092
-1877
206
948
-908
-1330
670
-893
-7082
-2481
-3835
-913
-7658
3570
-5996
-7520
-3589
-3710
-1912
7266
7381
4021
-7469
4120
-3917
-35
4465
5959
1907
319
7675
2627
6254
795
-3510
-1740
-7621
4972
5906
-6164
-5322
-5741
736
-4440
6368
2552
-3421
-4307
7381
3206
-4127
7677
141
-3784
3984
4036
3994
1364
2909
-1185
-6130
2771
-5644
-7689
-3519
-1342
-890
-2601
-3456
-2070
-952
-238
728
-7302
3861
-717
3062
-7373
3515
3358
3645
7200
3222
-3300
-4396
120
-7077
-7488
-6329
3644
-134
-4647
-1398
2034
-3797
3622
-6393
3852
-6791
-1310
-6030
796
6264
2510
1306
2312
-5292
-3445
3478
6035
-7173
37
5423
4588
4549
-6059
-3104
5284
-5008
-894
1115
2670
2272
-7368
-2382
7014
4793
-236
3054
5814
6994
5563
-1203
5445
260
-7710
672
2780
-2615
-2936
1730
-1249
4914
67
-4473
2377
1820
235
576
5351
7153
-5395
935
2339
-4951
7092
2268
-7243
-956
-1764
6383
-1775
-4014
-1905
-3416
4058
-1076
5795
-247
4848
-4953
-6330
-4213
-7125
2276
-874
3791
-3717
-7725
-3446
-5452
-7658
-1028
4022
3221
2560
3301
-2324
3129
-4741
3724
2427
2023
7522
-7291
7147
4494
172
5129
-2839
-2792
-6910
-630
1534
-6223
-6167
-7153
6108
-1345
-6339
-5151
1742
-6185
1633
-2049
4848
-2892
-6560
-4562
-7576
-3489
6974
2663
7074
7410
3911
6408
4819
-3002
3724
-5833
2018
5354
2077
-4261
7670
3722
-2875
5965
-4708
-675
-6998
4846
952
3174
-5015
-1285
-7531
-3036
1965
-7294
1287
1854
3908
1275
1451
734
-130
-1543
5544
-3491
1164
476
-5950
-4572
4754
-6093
7689
-5207
7685
-4105
1930
-6399
-7071
-4204
4587
-3547
3050
4869
1229
-2797
6114
-4570
7596
2209
4518
1961
-4143
-3425
-7394
-6412
896
2309
2603
3485
6276
271
5205
6152
2876
5804
-5038
-2280
7217
-4297
1329
3991
-32
-3434
1047
-6616
2308
-652
-3374
2818
-5528
-5942
-3033
-1859
-1554
-2615
269
-7744
-7392
-4214
4281
6696
3870
1673
5762
-340
391
-7089
5193
-205
-2847
-564
-3300
4933
4541
5560
6856
-236
-2178
-3603
-5231
833
-1733
-452
6787
5252
5472
-30
6048
5892
3568
2516
5502
352
-2897
4179
-7800
5306
5629
5932
-1985
-5030
-1718
2527
-7183
-4990
274
7486
2586
6636
-3203
5895
-344
2876
-2370
-643
1043
-3983
7139
-722
-5177
3622
-5292
-7487
-3112
-377
5231
-3100
-2157
3047
-4254
3670
5829
1840
-1616
7186
5390
7198
7586
890
6748
-3430
-1028
-1409
-7640
5142
6488
1215
-6654
6541
-6593
-4019
2350
-4073
-2967
7051
3362
-5549
-3135
-6608
5311
1151
5601
4054
-4095
-3827
3427
-5791
-3715
3200
2912
-4780
7582
-5202
2350
-7143
-7146
1025
1884
-5988
-246
3104
-1467
-4982
7570
4105
-5017
3120
6369
388
5051
4594
-5547
3567
1562
-1830
7552
-2823
919
-3976
-6709
-3255
-217
-6212
-645
-5680
-5543
22
3885
4880
2573
-3447
898
-5980
110
656
6665
2906
-3310
5221
-3792
-5345
2729
-1527
6034
-3522
5182
6500
2194
-1712
-4562
4025
2845
3033
5625
-4885
5893
-7004
3676
1965
5688
-837
6330
-499
1723
-1373
-6929
575
-5553
-2427
-1290
-1533
767
-5647
5479
-1011
-630
3576
-2324
-6248
-5222
1654
6316
6163
-3126
4855
-6535
-5046
5663
5680
5458
4265
-2243
4702
-3320
7292
-4483
-2437
781
-1497
3675
7303
5510
-3370
-5430
3176
3431
1753
-334
-5979
4044
2257
3487
2547
607
-6724
-411
2611
-3231
-2561
1205
-5585
-5382
6774
6929
-889
6981
-4640
4486
-51
1676
349
167
-627
5518
2549
-4537
1863
-3511
2942
3696
-7280
-1887
98
3806
6532
1913
-4418
2057
6494
1560
-4551
-6177
4718
-5590
-7060
-3984
-5695
-3161
-6584
2067
7054
2304
-4852
-1386
9
5509
2617
-5941
-5087
-1527
6295
-4555
4398
-1420
7064
3844
-6593
-4440
-1912
7713
4933
2076
-6276
2565
5025
-4797
6393
7143
-146
-7277
2124
-904
2840
5084
6249
-4964
2780
1780
-3092
5505
-6833
-4610
-6135
5377
2509
-6157
2135
3728
-2785
-7590
4355
-4938
3025
5891
5439
238
-5992
4746
-432
2402
5282
-6121
-5588
309
7502
-6425
3157
2469
3895
-7021
889
4874
-3819
2566
2439
7229
4221
-3239
3144
-5650
-2289
-313
-2775
-6350
-1508
-4422
1700
1040
-7488
-5818
-3644
5606
-3400
-1420
-1898
-3711
694
-5827
7298
-3224
-5035
374
-6162
-315
-4873
4816
-898
-7738
-6236
-4840
-5576
14
3386
188
2204
-5207
3579
-3909
3645
3903
-1187
-7812
2423
3225
-693
-7288
7327
-7812
-4576
6812
-2496
-1799
100
-846
6426
3766
-3843
-2285
3840
-1540
1414
6803
7014
-3012
-821
1405
-407
-4328
5308
-3848
-7511
-3692
-3121
2724
-7552
3998
3975
-7311
4725
7211
-7585
-5584
-1673
327
1382
-3060
-3720
6078
3194
-6966
-3274
-3205
-7249
-3346
2322
-258
5871
-5898
3953
4093
-1934
4254
-6684
2757
-835
-6424
-331
-4673
-5196
-3418
-4547
-4969
-463
1592
3170
-6166
7071
-7636
7724
2452
-6063
-2636
7786
-5500
1830
2296
2782
615
4937
-1078
-3104
-4809
-3909
-1976
6487
3068
139
-929
6935
2755
4192
-5425
5598
-4084
3979
1682
-2438
3964
2585
-1799
-670
4334
4104
-697
7373
-1151
-5487
2342
7276
7263
-5821
-3641
-4632
-1918
2922
-5231
-6663
-4752
1652
-6814
5815
-1969
-4427
4327
2487
-7534
-1804
-7037
4242
-6305
-297
-4241
5841
-4005
3602
5402
2656
5927
658
2846
6104
2649
7745
-5614
-6355
2854
-3032
-4478
6642
7159
-3480
5371
-1895
-94
1886
-7221
911
-7004
-6446
-2659
-4769
1070
912
-6741
5604
-2572
7200
1174
-4457
773
-3793
-5439
-3664
-3134
-3240
-2206
7533
2267
1855
7089
2340
6187
4647
-7368
-993
-553
-6777
7731
983
-4683
-2014
4026
4926
6710
5824
2717
-2947
5939
-3195
1135
-1101
824
3508
3774
5503
-6818
-6245
5950
3261
4149
5953
-2211
2524
2787
-1040
-5555
-4851
723
-5637
4671
3852
161
884
1692
-214
-378
-3404
4651
-2252
1213
-2027
5186
-5049
-5605
1148
-6632
-4610
3442
-7768
7190
-221
5997
-2107
-4783
1699
4666
-2526
5387
-2424
377
2245
-5658
-6548
-4684
3846
1050
2750
-6644
-1385
-6587
3108
5127
6411
5871
-7563
473
7779
-4361
-3897
-7075
-4984
4421
6735
722
7450
1348
-1698
-2162
-1078
3690
6027
-6646
5844
7292
-2791
1877
1256
-7127
3045
-7214
-5902
-1660
5725
-6576
-2875
5974
1709
-2182
-5473
6351
-1444
-1917
3686
-1795
7344
3323
7365
-2167
-5924
-799
-6290
-7710
367
-7532
7394
5388
2157
1565
6800
-1884
2163
-6914
4995
802
-5678
-4966
-309
4570
665
2030
3836
7760
-7700
-291
-1848
-7442
-4053
-1569
-1797
-2165
5444
-275
-1336
-1275
732
-1027
-2973
-4924
-7275
-3986
1731
2700
-2361
-360
-3584
-227
2487
3919
-2742
-3934
-1136
-5992
-3987
-297
1529
2704
74
6015
-5951
6089
-3963
7305
-1271
2514
-1056
7273
-6326
3783
-4736
-5062
-7289
4807
6177
-1837
-3365
-5220
6475
7661
7239
-4080
-4086
-1710
-2260
466
5805
7809
-4643
-1934
6011
-2782
-2930
-5037
-2563
3611
5289
4193
3798
7502
890
6874
-5373
1413
4596
-7009
7388
-5855
-3690
6051
-5280
-4264
-5115
-1554
1838
1165
7451
558
1161
-4278
7163
86
1479
-3580
2861
7455
-7055
337
3835
4556
753
-2361
4344
3192
7591
1854
4722
-7731
3811
-6780
6132
6343
-3232
-6069
-2297
7146
2908
-2659
-109
-3017
1602
-759
4882
-4732
4201
-70
-5090
4958
-6818
7284
2428
1747
-2163
-1040
-2146
-2384
-6999
-5237
-2303
5352
-3478
-3257
4609
1830
-787
-5500
1163
-5691
380
-6032
-169
-5103
1021
-2373
-2023
-1864
5370
1427
-4718
7091
898
5522
1025
6548
-2604
7418
-2922
-1063
-5631
2587
-2797
-570
-7756
-6001
-6553
-731
-2962
3149
2117
5958
5656
-5864
-6958
-1135
-425
-1169
5540
-2141
-7555
-6991
-2863
1883
7071
6702
1345
-2619
6307
6235
4130
-6410
1736
-6480
833
1792
-3941
2819
-6752
909
-1117
3178
-946
-3274
5853
-92
4130
-1658
7279
1858
4741
-7362
3406
-5208
2333
2664
-6319
-3408
-7767
7801
-4986
4902
-5695
4562
6962
3677
-1459
-4792
-1316
329
3929
6106
-3579
-4102
-4981
-4812
4345
7689
2069
3811
1734
-1003
4989
-2673
1602
236
-7094
3822
4641
-7049
4537
7467
6392
6655
4944
5541
2519
-3601
-7064
-5883
4540
5405
-7590
-6125
-6510
-4031
-3125
5647
-4155
7484
2373
6118
-1332
-451
-4368
-6816
7597
-2923
4819
4425
-1433
2270
4807
-2853
1112
2665
-5125
-3454
6876
-3649
-1525
4331
-6057
-575
6018
-4028
3933
-4192
-6194
7590
-3794
4718
5895
2686
-3546
-5559
4410
-3034
-669
2143
-5695
5710
-3400
6924
-4229
6252
1776
-1541
-5015
1567
3349
1999
-1915
5104
-5662
-2983
-6737
6083
1364
-4392
6587
5382
-6759
4669
983
-1766
7650
-2420
3012
-105
-7363
5130
-1481
-2951
4968
2103
-3785
-1068
-6524
-261
-6587
4637
-6074
-690
2655
-3197
4139
4457
-4926
-1582
-7021
-6152
-4013
-5968
7057
5509
79
7621
-3997
-4722
-297
-3548
-6678
6034
2041
6103
1051
6068
-2051
2339
-2005
-826
-110
460
7023
-5268
5802
4076
7001
-6937
-5319
7793
-4549
-792
-5261
-4578
-3096
2630
-4770
720
6448
3472
4984
7582
2420
-788
6599
-4341
-1805
-3265
6537
4002
4448
-1385
-2624
3658
1886
-4635
-78
1802
-3032
2415
1782
958
-6190
4333
4192
-746
-122
-7664
7786
-1487
4347
5684
-991
-1046
-2916
-2204
3152
3818
2343
1877
7
-294
-6594
5922
-4449
3104
-6526
3285
-2180
-1019
-1385
7414
7751
964
4662
4857
-7595
-2546
5005
-6895
3779
1539
6602
-5025
-6592
-3400
1310
4372
-7395
-3432
-837
1151
4086
381
-740
7449
-3600
1273
3649
2032
-7558
-4822
2361
-7620
4681
-63
5050
4899
5203
2969
6543
1896
-3304
5332
5410
-2084
-5881
-1092
-4798
-5464
3288
2178
3499
288
-4527
-4327
651
412
4759
-3513
-4641
5013
204
5532
5205
-2927
-1617
3169
-5114
-4227
-1674
-6384
5481
3561
6761
3078
-5609
-6206
-5100
-2595
-3130
6000
-7503
-6717
-1525
-4217
-3231
6939
4734
-6285
-3660
-7720
7267
4357
6351
4659
-5656
-3079
743
-2958
1233
6881
-803
-372
3356
-1855
-5106
5559
479
-1667
-4122
5161
-3479
-3812
6256
3535
510
-4788
3388
-2569
-2534
7541
-2476
-3080
4812
-3938
-5506
7695
1523
3049
-3076
-5057
2844
3933
3111
-1613
-5007
6544
-3140
4011
-2936
550
1359
1397
4550
529
-2153
-2753
4281
-6578
2491
-6066
-6123
-7071
-1333
7228
-2470
1700
7110
7592
-3064
-3052
-4550
-7306
-6204
6373
-380
-2672
5104
4292
-6474
-5645
-2971
2697
4292
-6233
-3860
-5674
-447
-7392
-3713
-5042
-5645
-1296
-4301
1561
-1881
1769
-4552
-2583
1548
923
2904
4810
1429
4512
3370
-6764
-5973
661
5340
-4635
3556
-4717
6601
35
-3138
-5071
2900
4955
-4651
6999
7725
-1757
-2110
-3661
7616
4549
5920
-4022
-5847
-345
4713
4869
-2620
-944
2296
-7063
831
4135
2138
-1642
-7585
-2119
2181
6828
5728
7582
-5329
815
4724
-2167
728
4637
3888
7158
-6110
4419
3894
7622
-7416
6586
191
5110
4369
5383
-2920
-1148
6133
5724
-4098
458
-3004
-3871
6151
6989
-4129
4793
6759
-1645
-1478
3670
4727
7062
1221
1529
7134
2923
-1865
3942
3459
-741
3442
-4162
-3444
-1
-6592
1448
7390
-7545
86
-4521
1452
4895
147
517
4071
3831
-1776
3017
-4900
4558
-398
7639
4535
-6990
2082
4583
3746
-6868
713
119
203
-3658
3769
4571
4880
5717
-1067
4458
6711
6832
7749
1078
4641
811
-5491
899
-3171
546
-3169
468
-2709
4245
294
-5260
5067
-4710
7136
1727
-3766
763
-5966
4249
4917
6342
1734
1985
4246
-7145
-643
3872
-7399
-707
-2863
5054
-6982
-542
-1133
-2341
-7082
3510
5939
-1978
-58
-853
1301
-2076
2250
624
7463
6296
-6426
-5589
3460
7031
-7059
-2619
1930
5726
-1225
-6526
1785
-85
1306
7461
-2117
2137
-166
4563
-7290
564
260
6462
7125
-7610
-1477
1341
-1874
-6313
-5848
-1497
-7102
-3734
727
4170
-3789
2207
-6262
5953
847
1053
7239
-4453
-6845
1459
-4805
-1149
-4217
3568
-4399
-3694
-2953
4400
-4318
-3641
5329
2744
5512
-3631
4244
-7421
2685
4954
-2616
-3674
2038
1407
7072
4315
274
106
-2445
427
3465
-750
-5927
7200
5913
-2331
2955
-5572
2514
-7811
6640
6008
-2912
4157
939
-4486
-7287
-1903
-3368
3937
-4035
1828
-6823
5815
-3851
-7564
3045
4235
355
-6486
-3151
-3266
576
-1265
-3879
-597
4943
7616
1643
-356
7617
1198
-2161
-2381
-1731
7317
946
-479
-2398
5390
-4354
2106
133
-2638
109
4094
-2389
-3932
1244
6505
-2606
5905
-4574
6510
-2446
-640
-1900
-5316
-837
-7342
2140
-306
2395
-7107
5853
-7149
-6875
-287
184
-1461
-1983
4369
-7168
5962
-6081
1480
2971
69
6087
-3598
-1239
-4331
-5506
1999
-5634
-139
-5727
1005
3084
1975
2202
-2588
-6143
-3216
-1156
7522
-2553
-219
149
6171
6859
5978
3454
-7394
4128
5912
2625
-714
-1832
900
3500
5468
4381
6533
382
7286
-692
2467
1205
-5420
-3370
-4405
531
-974
191
7187
-538
6178
-117
7423
5263
-1071
5588
904
74
2630
-269
-5113
-5897
6438
3599
6142
4094
894
5590
-3337
1094
-2915
7669
-5514
-523
-3514
-1380
-7805
3324
6624
-7703
-5027
5716
-8
-4690
3166
7460
-6914
-3743
-278
3528
4527
3148
6171
3153
-1066
4500
-566
7640
3004
4636
1648
-7723
4492
3946
293
-6107
-4519
1028
5029
-5708
1137
-7083
-7805
-5957
-3961
3900
-5583
-2336
-7656
2678
-6620
4684
-1987
7363
751
4759
4777
-7628
5313
-31
5547
-125
785
2226
-3264
-6735
4658
29
2105
2602
2860
-3844
4058
2867
-1262
-7716
-319
968
-1512
564
-4167
-320
-2565
2386
-43
6725
59
-2352
6909
-1713
6156
5370
5974
-872
511
-5103
933
-2644
2738
-4775
7770
-2215
-79
4015
-6434
6471
4839
1059
-374
-4486
-6189
3999
3733
-215
-1428
-3396
-1302
7170
2791
-1479
-2356
1862
-3194
-4194
-6096
5129
-758
2649
-4601
-5832
6414
-4643
492
-1478
-7714
2598
-2820
5664
-4156
5346
-5908
-1806
2259
6364
6519
-6255
-4118
-1869
-6898
6486
4464
-1441
535
-5816
2904
2251
7125
-5667
-2185
-5288
-2960
-3584
-1392
5345
3477
-567
130
-7156
-1988
4513
6729
-84
-5105
1175
-805
-5672
2732
2889
271
3647
1562
-2351
-4880
-4989
-354
5836
5075
-315
-7644
-4196
2209
-2791
32
-6269
-4532
-4304
1704
3410
-2921
7528
110
-3277
-369
3544
5710
6638
5684
630
2442
-1131
-2809
-3809
4331
123
-985
-3836
-1854
-2996
3661
-1686
1347
-1215
4062
-6434
1055
7342
-2199
-5054
3666
3419
-5339
-3309
-7671
2832
-7578
6579
2384
6646
-604
-2987
-2298
4399
1017
-5053
-3291
-7054
-1077
3394
-1511
-4501
-5378
7648
2096
6497
-5872
-4662
6753
468
-1176
2607
-3926
1297
7110
-3057
-3684
-7554
-4291
6513
6904
3644
-4287
-2479
957
5269
280
5478
6754
7743
1786
-2570
-4571
4220
-2735
6064
2904
-68
-5684
1845
-7413
952
-3361
-2799
-4836
-3337
1956
-708
-3079
6204
-1281
-3987
2035
2972
2073
-4821
428
-4733
-6429
97
-4803
3169
5339
-835
303
-4481
-1857
-4605
3263
999
5779
4390
-5862
-4668
-6222
-2886
-193
4273
4946
4540
2664
-3421
-6533
-2387
7363
4079
1331
706
7159
2714
-7010
-4730
-1203
6141
2248
6912
-5426
-6695
-4779
5650
2116
-6086
2954
4794
-2215
4544
-5905
5404
1004
7580
2859
-3418
-3653
4865
2007
-4103
1132
-4475
4415
1205
6778
5944
4287
-1511
4273
-551
-1685
6659
567
1349
5223
-5130
3802
364
7476
-6225
-2178
-5514
7718
7365
-5747
3491
-3866
-861
1271
5953
3576
-5410
-5608
178
3607
-5916
-1690
808
385
-4503
-7555
6513
-4930
824
776
-6792
4233
-2508
2111
4624
-921
-7152
6922
-288
-7600
-5911
-3883
-3653
1041
5200
-4786
-3196
-7296
-2581
5521
4850
42
-3255
-2154
-7385
781
-1170
7667
4391
7466
630
5411
4613
5934
436
1424
-2072
1096
533
6179
1309
3162
-5517
6195
-3610
-7402
-6404
1733
-6886
-446
168
5777
7409
5453
-3463
-7062
-1579
3179
-7208
-5001
3559
1234
-6676
359
82
2300
-6029
5822
-4417
3043
4915
5431
-1608
-7687
3813
3321
-7277
5222
-2759
-6351
-3037
5949
-7660
-2714
3589
-3311
-1964
-5803
-7218
-1360
-2264
4153
-7212
-1128
-3300
683
-6641
-1517
-581
-2518
-5560
-3478
-4900
645
-3353
6726
-3847
-2091
4862
1934
-630
-5261
70
250
-162
-4154
5478
6413
-1418
6073
-2759
4130
2413
-1432
-4083
6925
7063
-2185
-1678
-603
3836
575
4458
6749
-5866
-5981
6389
-1174
-260
4165
-7053
7649
6716
1556
86
-532
5214
-2248
-1931
-3289
-3988
3849
-6972
6964
-5396
-2516
6077
-5418
3839
-2687
1791
-138
6427
-1564
-475
-7252
267
-1172
114
-7079
-4820
873
-7243
-5916
-5383
656
1364
-7255
6947
7245
-2732
-4127
4008
-1164
-4976
6425
4859
-5985
-6806
885
-859
3524
-7065
-1518
-5853
999
-230
2953
7640
7696
3686
-4993
756
4982
-3097
3912
-1448
6807
4470
-2314
6966
-5348
1371
3162
1300
4935
2501
-1653
6762
4234
7771
-1183
-55
-6380
5112
1904
2432
-2204
-2229
2259
-2321
-5629
5805
6974
7165
-4377
3074
-2095
-5383
458
3403
-5503
2922
-2311
5471
-2863
-5189
886
4023
-5513
-2693
3981
1117
5064
5414
-1584
-118
760
4751
5465
-4067
-5383
-7250
-6075
-6222
7728
-2640
5391
-2180
516
-1237
-5863
2826
-5400
365
1211
-451
3715
-5715
-4241
6015
-596
-7346
-681
-2617
5880
6274
5077
-446
3212
3457
3299
6368
4019
5037
-6940
3934
-4689
6264
-5332
4367
-2059
-2655
107
353
5522
-5768
7714
1425
-3671
-3613
354
4273
-2419
7485
-5430
-4352
6673
7459
3742
2799
3830
-772
1354
37
-2821
2226
-3115
1030
1404
-634
-2416
7158
4523
6230
-302
2959
-7351
327
-2702
-2482
5253
5464
-5295
-4979
5136
-2913
-791
4723
-2540
-4862
-291
-6522
2905
-6750
2054
-7728
4016
6751
1114
-2393
-969
7237
-2321
-3532
5654
5917
7240
6115
-842
-3275
-4180
-2675
-4896
-1663
159
-7573
3963
-7718
5690
-6389
-4041
-2414
-4372
6676
-624
5494
7487
-3694
5159
788
2452
-3622
939
-7681
658
-1220
6775
812
-2917
-1880
6077
1442
3257
-6632
-7306
-3670
-5666
4469
-2849
-7789
5892
922
-1663
-5566
513
6252
7740
914
-5255
5087
-6110
5736
-5621
3368
6594
2849
-5664
5556
-3424
-42
-4137
-5160
-6413
6933
-3980
-5907
-3823
-1107
7102
1141
-1083
5908
-5750
5793
-7470
3302
4232
-7543
-3596
7516
6083
-1167
6166
-7351
-5612
4948
4038
-2737
2691
-7199
5033
6367
-4547
7160
6214
12
-6560
-4695
6717
-6544
4258
-1452
7177
7048
-2745
7519
2537
-5599
7788
7480
-5169
6786
-1500
-6815
7247
1428
5945
3472
6503
1550
4085
4451
104
-7548
3798
-768
1003
5777
2350
635
7046
-478
6995
6410
-1243
-2835
6116
-5791
-622
6818
-6124
2022
6518
916
3019
5953
-5469
1878
2339
-6052
-4385
-1388
6211
4259
-397
2923
-3595
-7206
1615
6567
1968
848
-1723
1877
172
5573
6854
-798
7594
-1580
-1066
-6342
-7371
-2360
2386
4187
-4220
5456
-1748
5931
-7682
1679
-2543
7069
-1148
5600
2179
3070
6933
-4019
1824
1088
5368
-6985
-4848
-2273
6401
-5806
4741
6909
426
-4137
-7246
1594
1315
3679
-2032
5634
1322
4032
4479
1453
-1375
-5876
709
6017
7536
-4198
1274
6656
-404
-3988
658
-2849
-3160
3622
3418
-3845
5628
346
-4749
-1032
4748
-3455
-7251
-1023
-7589
-744
-3202
2273
-4525
-6535
-4087
2640
-3872
5161
844
-3422
-6850
-5695
-3852
1285
-1144
4618
6976
4235
427
2581
-6696
-1030
-4159
-3632
5750
-7223
1452
7039
293
1675
-1518
5631
-3865
2497
7635
587
-1949
-4050
-1338
6707
340
352
-6074
5027
-6176
1321
1832
-7013
-2256
-4827
4107
-1140
1955
7761
3767
620
-6548
-2594
-154
2284
7621
6867
102
-3330
1551
-76
5797
7414
4413
-3354
7035
-2333
4810
-6125
-5119
7174
3009
4525
-6925
-7060
7511
4995
339
2380
5670
-3706
-4813
7661
1512
3572
2132
2047
2627
-5578
6530
-3635
2885
4514
-3306
-514
-6653
-4084
4965
6697
-1669
7659
6058
-5746
5098
7672
-4267
4796
5581
3884
91
3438
-7635
3090
4013
2417
-1150
-1667
-3349
-6336
1294
-3905
-1432
-3634
-7204
3801
3664
-6044
7530
1544
-6433
-1225
1390
-7461
841
-1325
-7602
4386
-3614
5792
1184
4289
2144
2089
293
-1655
-3307
7682
5217
1883
-5740
-1302
5791
641
2876
6399
-3371
-545
-6731
-2927
-6814
-4625
4387
3115
-4274
-2585
-5296
-3336
-5285
-371
-4630
4439
-3895
5326
-1285
4938
-3415
3947
4807
-6011
-1256
6880
1226
-3278
-292
-2983
-3964
4876
4284
-2156
-5136
6009
1032
7063
2038
5297
-2607
4554
-5852
647
-3629
-2670
-2727
1015
-4429
4527
-1860
695
661
-4865
2497
7218
-5071
-3363
-3146
2449
1466
1429
239
-1336
7086
3642
-3140
1032
2893
6710
-757
-6800
4179
1931
1659
-7263
7073
7472
2291
-4442
4186
-7381
4066
-2238
-3707
-523
-2833
-966
3926
2560
-5603
-2420
-3823
3175
4056
-3823
-995
-6169
5748
-5915
-6545
-2822
-4903
5446
6921
5295
6722
6909
5681
1201
-5346
2055
2359
7259
7629
6464
-1077
-2290
-1588
-4963
-7543
621
1156
-2827
-4017
-2601
1162
2800
-231
-903
5424
1037
4815
-6565
-1330
3923
7270
-1693
3746
5138
7320
6213
107
2593
6386
650
1244
-2503
6172
-7430
1073
7169
1003
-5584
-2744
5525
-373
6231
1240
-7689
-1758
-422
1160
-4756
826
-7256
7707
1010
-1137
3640
-1665
-903
2767
6255
-6123
1341
-908
3660
7377
-1821
4042
637
-1738
-2041
2865
3330
-4328
-4594
2475
5451
-4471
-6368
-2784
4501
-2585
6581
5785
-2691
-222
-2438
-6136
5926
4472
5170
5095
6888
-1302
-2899
2736
-1011
3819
-308
7438
-5732
5464
3217
6138
-5950
6436
1527
7313
-5121
2971
-2557
-7705
-7426
-3788
5892
-1578
3802
-4359
825
2642
-6973
-1817
-76
7728
5420
4838
3378
-3403
844
-4743
-3051
3652
-6365
-7646
2704
-4503
6602
-3582
-4276
-5605
-7696
1707
-5498
-6583
5731
-7419
378
1720
-3238
-6609
-3450
-2399
-614
5013
-1757
-2280
2765
-6192
2129
-4203
-2395
6891
-7637
-948
7784
2879
3089
7300
-7789
7352
-6118
-7673
1246
-3803
-6444
-109
-2683
1747
-6201
1891
2950
-1112
7305
-4750
-3185
-2265
782
7393
83
-4174
-3896
5500
-4369
-3721
-2534
-4398
7697
-6531
-4184
7720
-6264
-2490
-7765
2794
2246
-5670
-5127
7376
3889
-2789
1454
-247
4638
1673
3542
-5633
-7677
-2761
-6053
218
1604
-2137
-1368
5047
2681
4637
-6437
2565
5919
-2809
3200
7467
3240
3247
3175
-2326
6116
6587
-2036
2920
-3288
-7668
-4413
-5736
1818
6942
-3556
2680
-2905
-1797
-4915
6511
4606
2256
3745
201
-920
5847
-5046
-2814
-4048
6693
-2433
7004
2854
-6343
-2408
1157
-6842
4095
-3736
-2317
4240
-336
486
-1028
-480
4742
-6161
4427
-4140
-2537
3125
-6620
7531
-216
1393
-1202
-2182
4886
3797
1582
3766
-5722
1500
-1193
-4253
7632
7777
-2555
3914
-3045
2940
1068
5158
-3660
-7773
-3135
-6730
-5395
-6521
-2331
-120
5143
-1139
-402
-2886
-7559
6209
2744
5140
2920
-2760
1820
5010
7280
-7185
-6328
7099
-6494
-1071
3927
-1000
-5217
-2090
-3654
-1065
-1324
1023
744
1094
3042
6225
-6839
372
-2000
1299
5299
-1019
-305
957
-2965
-4471
6010
6667
-6547
5477
-7604
-5063
5490
-6286
2405
2331
527
5727
-7572
4685
-2423
-356
-1378
6860
-7075
-6149
6000
-5375
2036
-3813
3736
-478
2980
-3655
-6607
-7798
-314
7215
7409
952
5606
7617
4428
4010
-5754
-252
-1471
3312
-1611
-504
911
3778
6952
7345
3553
-7209
-6616
1740
-4044
3959
6466
7504
-3605
2361
-3236
-2400
3102
4262
-2997
2698
-1872
-4477
3230
-5256
-7552
5288
3031
-484
787
-6393
6824
-6115
5925
6691
-5856
1665
-7604
-4660
-3681
-3836
-7787
-4301
-3417
-3580
5872
1159
1833
1162
-1665
7375
-3226
4276
-4188
-7809
6832
-3928
5291
2777
3400
-1008
4196
3139
1416
3035
2017
3373
-3113
2952
7252
1745
6929
7278
5257
-3574
-4115
3316
5397
6257
-2608
-4081
5819
1979
-7618
-6181
2709
7753
-1570
915
2717
-5982
7719
-172
4969
1323
-4950
-100
-3117
477
-4961
-3678
-5591
-5118
-3486
-7420
-880
212
4436
-3296
-1344
-5985
1163
-2610
4533
2084
-252
157
2025
5990
-6741
-2344
-7078
-6108
5296
5703
3027
-6739
-2210
-7176
1550
1369
-2314
4498
4790
2012
4891
-3902
-4862
1514
1341
1607
4068
-4582
7536
1516
5315
198
-6140
-473
-1625
-5069
5722
-890
-3365
3933
-2273
-7423
5006
4057
-6060
-530
-1660
-562
-3118
-4683
-5635
-5313
-773
-2685
4740
-6517
7461
996
-3287
7184
-5301
-5785
296
-2902
2281
6484
568
918
-1492
5742
-2962
4774
6131
-5042
1018
-7014
2240
-7728
963
7661
-4598
3140
-5464
3168
-7357
7088
4463
-7709
998
-5909
-7610
4236
-3882
498
-6479
6939
-104
1901
44
6943
-169
4894
4632
-1124
-7234
-1436
401
3545
-1351
-6448
3393
1863
4504
5741
-2782
5686
5744
-6131
6517
-1071
-4228
6719
-4647
429
131
-3314
-445
-7058
7127
-7487
-7201
-128
5946
5243
7287
6524
-4005
-124
2256
2456
1240
-2163
-2767
-1342
-3508
2263
-3468
-5577
4671
-4764
1165
-6643
-5131
4330
2326
3539
-6070
-5205
4293
-6756
-4879
5632
928
-6746
3789
403
-7307
7596
-6807
2761
2966
2245
-6488
-6887
-6910
-2183
3189
-1839
779
774
1209
-5869
1944
3890
7000
-2816
344
-6155
-209
-2449
-5099
2724
-4630
4369
4518
6972
-2314
5023
7482
-582
698
3363
-6150
2750
4288
-4521
-6519
391
2180
2072
-6647
-4424
4743
3836
-7619
4657
-6793
537
6314
810
5900
-5870
-3551
-5815
7038
-6119
-5929
-2362
7443
-6260
4868
328
5642
7257
-4735
2118
-4350
-2715
-5304
5642
7170
-3412
-6594
4100
-7389
-5674
1671
-5643
3402
173
2980
1489
2115
-7657
4213
2067
-5964
6096
7517
-6334
7649
4572
2533
6205
4016
6338
510
7478
-4190
3746
5308
-4833
-6752
7253
7806
-6328
-5507
1665
-4159
5707
-5248
7360
110
4679
-7383
-3489
-1067
-5535
-5206
-1363
-4057
-4643
-3877
7016
-6250
-7674
5541
2799
-7282
-6462
-541
6565
-2755
520
6732
-2762
2731
-6588
7442
7111
7658
-5619
6659
-44
7599
-7810
5006
-1281
-5532
7612
5895
-1050
-4116
-5068
-1847
-1827
-4203
-4119
-6114
-2945
-2041
1158
-4193
3016
-5408
-4546
-6832
5135
-2595
-7202
4433
-2749
-5009
4006
5746
-5222
4009
2939
2036
6289
3465
846
-1847
7161
4317
4119
-1752
-7698
-7086
-53
-2831
-1315
-5981
1515
-6112
-3577
4781
-5131
-6255
-5626
-3794
6717
164
-991
2911
-1176
2326
-893
-6050
-2723
-1690
5954
6662
5002
6030
3166
1308
-3535
3280
2035
4951
-7364
-6366
6782
2691
-4665
-4608
-341
-1257
-2324
2572
2761
-3419
-4350
-5316
7304
2286
5550
-675
4775
-4986
6174
2917
-6137
3363
1134
4841
-2414
5411
1036
-7465
2550
2211
-6019
2246
-2911
-2872
5451
5288
4410
-4686
47
85
-293
4237
2582
-75
-1290
1046
7062
-3600
3872
6150
7129
6274
1701
450
4029
-7799
-1225
-2748
-7452
-5761
-7622
-5659
4298
-2721
9
1936
-5246
-3394
5789
3341
5231
-1589
-235
0
6148
7014
-6040
6125
-4399
5644
4462
-4356
4832
-923
3906
1775
-910
-4404
6840
-550
-2353
7757
2331
-5868
-2050
-5473
4607
1244
-328
2584
-3228
-2910
-6091
5076
5629
-7756
5004
7401
6181
-6480
5959
3558
-3024
2978
-5178
-6203
-3059
2452
-2795
-3305
-5184
2664
-3361
4959
5336
3128
7298
2130
-3441
-842
-2372
1143
4060
-651
-867
2604
133
-3675
2192
-1499
-1616
339
-5027
3172
-3769
-2392
4781
1711
-7026
-5100
6218
-4398
5377
-4229
-7251
3627
6712
-7766
-1329
-4542
-69
4112
5141
-3094
-3625
-2812
7322
4320
2052
1701
-4264
-7377
-5046
-1479
4335
-1002
4668
1303
-7104
5454
4016
7654
-6029
2307
-3661
-5468
-1879
-4035
-5422
5331
-764
3049
1630
-2709
7767
6545
2291
7276
3779
-2742
1891
-7571
-2307
4658
-510
-5785
-3430
-2928
4058
-1995
-4559
988
-1427
-2776
-3791
2725
-432
2869
6502
2685
387
-1348
-2079
-5068
4482
-2125
-6336
-312
-1935
5982
4758
7769
6224
-5362
5341
-2099
-2607
-5175
2785
-6362
1369
6765
2438
7755
-3824
6459
3394
3556
2242
2810
-1571
-5184
-5623
4889
-2440
6671
-4321
-964
-1454
1556
-2794
-4509
2239
-3656
-1331
494
2784
3874
3858
-1517
6051
-2585
-2564
1403
-1916
1424
776
-5608
-2832
-4795
5014
4136
-2167
7203
1212
3206
6062
5430
-4844
-2478
-826
901
1553
-5673
5057
-7591
2634
28
4822
-1321
6324
3787
4633
-4053
-2623
-4369
5910
5965
-2165
-4735
-6643
-4236
-7685
-271
-4846
2067
-4878
-5870
-316
-1182
-535
7397
7531
-6068
-6088
5503
-5847
4358
-2282
7514
-4049
-3044
3488
-6501
1442
-6221
-2331
-460
7556
3317
3344
-6173
6893
3472
2095
-5039
-2274
5757
-3096
5949
-3238
4908
5534
-3520
6652
7258
-5830
-6281
4530
428
-5853
-6605
5196
6174
-5294
-1174
7765
188
6905
7508
-3581
2436
-5751
-3774
-1905
4156
-1001
4360
2100
4442
2497
7401
1537
945
-3931
1103
390
-1222
3361
-2166
7745
5320
-959
5856
3681
2287
-2404
4360
-4611
-3312
4055
-380
6936
6843
3658
-2781
3914
-4429
-5507
-1799
-7799
4802
-2210
2277
-1339
2398
-3705
6863
-5910
7468
-3116
-5250
5703
4465
-7207
2298
-1061
-1799
-1154
2140
2701
-4185
-5326
1824
-4427
6871
7582
7299
-5371
-5737
-1586
-4631
7604
4743
6186
-1547
55
-5332
-1770
1958
-4950
3654
5247
-6333
306
5852
3778
7057
-3033
-4462
2111
7480
-108
4597
2218
3277
4382
2715
2763
7550
5517
-5908
-4166
6035
6647
-5793
-2598
-1110
-2586
3445
-6238
276
-714
6821
2483
7404
4860
-825
7375
-5259
2525
2400
-5592
-5396
-89
5165
6421
-3520
794
2098
-3056
-775
4002
590
-2552
2837
2609
2662
-6086
-7063
-1706
-3785
1753
6119
-4777
-3577
6437
-7003
3410
6726
-4450
-1151
1313
-1503
1992
-6589
-3424
600
-1570
5183
-5114
3187
-3405
6700
-4036
1855
2451
7113
-2568
4904
-7036
3538
-6694
2529
2572
-3659
6764
1196
-2850
3088
110
512
-5876
-5663
6821
3929
-4439
-3688
-3284
2530
-6318
141
-1369
-1184
-244
2408
-7141
-5606
2435
-1170
7111
3211
-5445
-6669
-2072
5666
-2515
-2394
-950
3174
-6391
7699
-3399
-4455
-5777
-3664
-7612
-1677
460
-2356
-6959
2681
5597
-516
-6315
-1733
-5194
-4917
474
5780
1725
499
1906
4819
1642
-7252
2673
7666
-1834
-6090
3755
-413
-5477
-6730
3672
-3442
-2582
3872
2694
6418
-5570
4274
1286
-7058
-3328
2783
-979
18
5678
-7591
-2015
-410
720
7703
-3403
-4723
-7362
7082
-4143
-656
-6094
-7474
7470
-3759
-6392
4056
1338
-1161
843
-3054
-2556
3085
-6593
6542
3839
-1381
2240
-4225
6449
105
-4004
-2652
-7390
5256
-2034
-2254
-7280
-1584
-2258
-2884
6299
187
-2545
6684
4240
-1125
3654
-1508
6253
-3316
3251
-3389
-7316
5197
-3932
5062
-3997
6120
-6976
-4634
-861
-3167
527
288
-5724
6305
5846
-4465
-2365
-4225
1190
-3151
3774
6457
-3553
928
-1753
-7712
7233
-3313
-2488
3398
1111
-1992
782
4991
-4016
5325
4025
-3179
-7122
-4649
2193
1944
3452
5008
1163
2212
-6543
6611
6527
2459
-3626
2488
1831
633
-3669
-7735
733
-3522
-2509
6057
7688
7141
-3021
657
5046
776
-1104
1985
6136
-413
5149
1243
-5555
1515
-835
3421
-3359
434
2219
-4645
-4193
6405
6383
6177
-48
-5099
6981
-7128
-809
-2613
7469
-934
-3285
-2638
-7363
-5324
5950
-654
4473
5000
7472
2536
-843
-5896
-3035
6134
5337
1419
-518
470
4586
3102
-211
3156
2193
7553
6596
1362
-6660
-2026
6561
-7004
5579
-3810
-1103
6029
-1322
-2238
-1711
-4661
-5051
-2052
5687
1919
-136
-5160
240
-1884
4071
-7363
6398
1571
4278
-1625
-2358
-1342
-1158
-3575
-7066
-6
2939
7307
1529
705
-4315
-7386
-352
2902
-1812
5749
6053
1676
-4116
4655
-4218
4288
7307
4562
-5409
4292
5011
-6097
-1223
1476
817
4231
-7679
7472
-7156
-6932
-347
4322
-6711
-5903
-2786
-2487
-5477
4675
-7397
1250
3338
7195
-4887
7762
4037
-1292
4237
4258
-3816
7367
1464
-6618
-6543
-7571
3397
2087
4472
4257
2473
5855
5864
-4960
2364
6966
-3051
-7507
-2607
-716
5707
-1465
-7279
1232
-2082
-3626
1181
-5131
2894
-1668
6940
6890
-2114
591
-6814
-117
1559
4395
-5843
-1781
1566
5169
-3012
-382
-7604
-7733
-502
-2842
-7428
4703
4981
6091
-4574
6242
237
1883
-5197
-6394
4564
6236
477
3691
6040
6176
-2803
7038
-1754
6568
4347
942
-2299
-1173
-1702
2502
6257
-1494
3308
-2058
4203
3692
-4440
2099
2697
-1202
528
-4879
-6405
3870
-2734
5971
2293
5556
2577
1247
4646
7586
1199
-4921
7068
-2267
4560
-2316
5099
-4955
-7627
3544
2090
4220
-5600
-792
99
-2228
-6506
-4290
5109
2561
-1357
7243
-1382
4449
5402
-6175
2919
166
2884
-248
666
-3730
3370
-79
2542
117
5417
-172
3701
6329
-3714
-2022
2736
-1501
5725
-4251
4810
7031
-729
2834
2506
6454
2264
-6689
3090
580
-4325
-1804
-7067
6371
6487
1411
-5172
2044
-5753
5909
-5652
7476
-2075
5861
6720
2023
-3247
1643
-6564
-5334
5932
6786
-5389
-2610
2534
5657
-3242
-3015
6780
7660
5378
-4630
-1230
6850
-6072
-2556
449
-2704
7300
2508
-4608
-5438
2898
1856
-7390
1805
-3206
-2097
-3637
-1231
1108
-4791
-2258
4258
411
-7537
2102
4982
-2012
1070
5556
-3720
4252
-2759
-3956
6719
2497
4305
-3798
2712
-273
134
5086
-4460
-5096
5509
5884
-490
-4401
-5566
6092
5246
-2545
-3252
1691
6406
-2249
-4019
4302
4278
5590
2772
-6528
2756
-7800
-2672
1662
2510
-5452
6404
-1864
2087
-548
-4591
6166
2168
-6895
4238
-5407
-2757
7211
-6401
-5324
-2419
-1841
4180
-3099
4449
-6925
-6610
914
6477
4701
2925
1420
4714
-7559
-4731
138
-5199
-5413
6086
5427
1851
-6318
3781
-3066
-4673
206
-661
1109
-396
750
4325
5724
7448
692
-5188
4812
2306
-3986
-1360
970
-6370
-6247
-5423
6156
-5994
-1615
-1519
-3381
1512
-2519
-5767
-4450
-1025
6553
1023
2841
-1054
-7451
-3862
7090
1838
-7350
5001
2201
1881
7626
-800
-3626
-3446
5652
5883
-2004
-7681
-7353
-2934
-5863
-429
4086
-705
-6730
-6246
2068
-2640
1269
808
6195
-2976
-7331
6557
974
7571
1309
2163
5486
-4303
-3769
6026
3436
1144
-5232
1276
-786
1303
2134
400
6909
4084
7784
3182
-3707
-6759
5476
6173
-1587
-1068
-831
-3204
3768
377
-3733
-2343
135
5388
7632
-1465
-6727
-3222
-3251
5248
5734
56
-1289
-2137
-5727
-6967
6075
-6631
5656
6046
4364
-5864
-7798
2027
-6776
-846
-6127
932
3762
6180
-6504
-7057
-3249
2170
6144
-3429
-7108
-7669
1888
-2547
5391
536
6048
-2983
6211
-7491
-1411
4474
-6310
-2841
3434
6593
-166
3448
807
870
-4483
3219
-6011
7091
2314
-4703
-7051
6877
6006
7632
-3638
6711
-7123
6062
-2922
6807
-1214
-4686
-3989
-2816
-3638
3139
-5428
-2136
-7515
6546
-2628
132
2908
5991
-6084
6237
2125
-4282
6243
-3374
-446
7004
-4310
-2252
6823
-135
-2627
7512
-1159
2263
6506
5439
6116
-4568
-4462
-5335
6383
-1351
1069
7408
-2618
6253
454
-7522
5158
2182
7254
197
6439
5684
4635
-1819
4875
-6760
4468
4612
917
-5972
4311
7570
4103
3732
5924
3134
7703
-5624
6338
7000
837
-406
6595
6032
-1239
-37
7049
-3166
-4940
6490
4843
-6314
5089
2393
406
2151
3445
-2939
-1049
-2724
-1099
-3824
-2240
-4081
-7178
-4129
7592
-7288
-1941
6117
7525
7436
-1374
7034
6382
5199
-815
6345
-5053
2057
5022
7603
4282
2298
2183
-3124
-2636
-1458
1749
4854
3630
-6435
-6056
-6423
-2704
-5421
-2012
-2925
-4170
4586
-3894
-3731
4936
2544
-4509
3505
658
3215
2037
3417
-1814
-26
3934
-5345
-4814
-1696
-657
362
5385
-6720
-1870
1202
-5343
-113
3319
492
3005
-5779
6106
7374
7346
-4874
-4169
4470
5483
-866
162
-1672
-5464
-4886
-5341
534
2900
6406
3728
5898
-2376
-4741
-1552
-4803
-2922
5117
4211
-453
-2809
444
-7047
-6890
3204
7598
-7328
2738
-5089
-3685
-605
-6692
3988
-7529
-552
7063
-4603
1920
511
6109
513
-3574
4922
5949
-503
-3716
-5940
4387
-6412
6084
-3152
-681
-558
-1660
241
-5166
-1875
1452
6111
1576
5579
-2307
2696
1754
-1297
-4941
1004
2640
5518
-6298
936
-1055
-2059
-1955
-2919
5977
2868
-319
2552
4269
-2048
-7686
-4225
5933
-1533
4555
-6319
5131
-1805
7604
-1106
-3312
-1789
-5495
6255
4727
-2624
173
-446
-4919
2415
-6596
1838
-6730
-11
7458
7786
-4956
-674
2525
-7773
5817
3379
-4186
4665
-5967
-7443
6158
6976
-709
5950
-1215
3791
-3652
1102
2960
-6011
7017
-4679
1355
-5715
6275
3299
4662
-7541
-3798
4307
-7568
-942
-3452
3497
-902
-4721
-937
3451
7756
908
4547
6102
798
