58
34
14
109
118
192
301
-48
-209
154
163
-119
-62
-153
-48
-188
227
-200
-81
306
-71
40
-72
172
-251
-130
-261
-125
166
-162
95
-88
184
-204
-292
92
300
-202
-269
-119
-259
206
74
-9
-158
-286
217
-244
-174
-74
-149
169
278
92
131
-184
-249
182
105
230
-191
-113
-69
-217
-4
53
187
85
163
-293
278
-307
-298
142
99
-143
270
105
27
-115
-180
293
-258
-214
174
185
16
237
156
-191
256
278
110
-126
-252
-207
239
-276
293
191
-257
258
299
-243
189
85
28
146
-21
-155
-179
112
-175
-125
312
-212
-151
15
-288
-308
238
281
-241
36
-56
-181
243
-129
-43
223
-149
12
169
-163
184
147
-289
1
-19
3
158
114
-96
-228
-222
-97
-128
-61
230
-1
45
258
69
117
-19
-300
-275
-89
-15
97
-178
149
-102
-220
-225
-231
239
-99
185
9
-307
132
-88
-91
217
2
124
-122
-270
143
291
190
88
47
96
-142
162
235
82
-166
19
-307
-228
230
-215
-140
-212
-187
73
285
237
78
105
-164
-224
111
253
212
-222
-228
144
-243
274
-80
218
57
192
67
82
-39
214
-212
68
298
-295
267
-53
-194
-232
-191
-120
-308
301
-226
-58
-236
197
-118
-235
-235
69
222
-166
30
-69
-159
-123
-190
221
271
186
224
-254
-59
311
-134
-104
-54
86
78
67
-245
184
56
-158
-187
234
-274
110
312
-197
-134
221
51
310
-59
205
-126
63
215
-66
38
126
95
292
124
273
-23
-141
148
-258
-284
215
238
186
-256
-160
107
-115
262
106
102
-185
116
-159
-187
-256
-165
101
222
-161
-277
-53
277
130
28
190
192
-308
-263
27
-152
-133
31
-227
-260
88
-74
159
-238
-23
55
176
105
-142
-194
-293
17
-47
120
28
104
257
-236
170
74
105
48
55
211
199
-231
-253
-247
113
-66
-195
-10
172
-247
64
-163
120
-73
-269
-232
46
-250
199
-212
284
-86
307
229
-10
266
92
-116
103
-165
-217
-11
18
-56
156
-80
190
-250
-301
152
-82
75
-222
-275
-208
-77
-93
252
87
-207
-171
58
121
-75
76
-99
-121
-42
97
294
105
294
73
-88
-75
18
247
-95
81
258
-154
311
21
-64
-175
227
171
45
166
-55
252
-216
-208
163
22
181
-249
213
-174
262
296
-280
244
56
46
-42
-238
-20
277
257
-74
-190
-268
-264
160
-131
275
120
-297
230
-146
-255
-197
-41
220
137
-71
-240
139
169
-291
225
303
-258
-32
36
13
144
-296
79
190
44
202
234
92
151
-107
156
-41
-92
175
125
67
290
-127
-26
217
114
46
145
72
170
57
62
224
-185
-112
-76
-252
6
-207
251
-263
307
274
243
247
-146
188
-107
177
152
-294
-69
231
-7
-305
135
-205
155
-32
281
12
-186
31
-76
-59
231
262
2
26
-258
-60
75
-162
-99
107
-227
170
-18
80
34
-77
200
-246
-159
-119
-239
-234
-12
229
148
-44
30
274
-224
-257
-97
-204
-307
217
134
-151
-54
-2
102
261
-208
289
118
188
56
-59
-202
-56
8
-48
137
183
30
-86
201
-135
284
-81
-72
-252
-26
143
-42
81
149
-220
-280
-116
192
134
-167
297
110
-260
172
-147
96
-240
211
-107
126
35
-237
-157
261
277
122
-290
