8
28
-19
52
-62
12
47
2
57
59
-41
20
-23
4
25
36
-31
-53
9
-21
-20
10
-33
-59
-41
54
58
-60
19
35
-3
-20
-54
-20
-61
-11
43
51
-27
19
53
9
44
-62
8
-27
49
29
-62
25
-30
-6
-20
-35
54
47
-3
27
60
48
33
-20
25
21
-42
13
0
-54
18
34
21
41
44
-44
4
-62
-24
-1
-21
-50
-11
24
8
16
25
32
10
-5
-23
35
62
31
10
60
-13
-40
-11
-6
-45
42
17
10
-18
-13
-43
36
-50
-1
-43
5
42
30
15
-47
42
-46
-48
33
38
-7
-30
-36
-54
48
-19
