39
141
-95
260
-309
59
233
10
287
297
-207
101
-114
18
126
180
-153
-266
47
-106
-101
52
-164
-293
-205
268
291
-300
96
175
-14
-102
-271
-98
-304
-53
213
255
-136
95
263
44
218
-308
38
-133
243
143
-312
127
-149
-29
-101
-173
271
233
-14
136
299
241
167
-102
127
107
-208
66
-1
-271
92
168
103
204
220
-222
21
-311
-121
-4
-107
-252
-54
120
39
78
123
159
48
-24
-113
173
309
157
52
298
-64
-201
-57
-32
-223
210
83
48
-90
-63
-216
182
-251
-5
-217
27
211
150
75
-234
212
-232
-240
166
189
-36
-152
-182
-271
242
-95
-100
-4
211
215
265
-74
186
-31
-114
-139
0
-189
-228
-107
-29
130
29
-186
239
-23
141
-101
-96
303
284
169
61
-231
-200
-278
-94
2
163
33
9
-43
220
-48
-88
-266
165
-229
-185
285
-25
-206
-175
-51
-65
-29
-225
-298
147
37
53
129
213
-12
167
-35
306
107
259
-300
264
-51
235
-185
182
284
244
249
-91
305
-83
-189
-267
-176
199
-296
111
-28
109
-171
112
192
-121
85
23
258
-125
195
184
-252
207
-278
28
-80
-259
74
-182
-191
-215
-52
-125
-26
-128
241
-155
-35
-99
-138
-86
-208
45
70
213
78
170
-2
-172
302
-100
-273
301
-58
-118
29
-92
-78
-172
-120
126
-55
229
-49
-30
87
-21
-195
45
147
-82
-257
-310
39
-249
129
-174
149
227
208
299
-211
31
240
-97
288
295
153
112
6
-194
34
-159
226
-65
-279
140
-64
147
6
98
-282
164
-265
-100
-55
311
-238
238
71
27
239
-285
173
95
-294
-114
151
167
-120
-220
-196
-223
-236
306
-103
-87
-207
-9
-154
287
-73
-290
-39
-235
-109
-3
203
-105
166
205
-14
129
89
-16
94
-93
148
120
201
22
-309
-208
-125
-27
-190
172
277
-104
-164
98
122
260
92
-187
308
-24
58
-54
174
-227
-43
301
-91
-280
-305
69
138
84
34
-148
273
42
-30
-110
-96
19
301
-139
-121
-75
62
240
-195
-211
193
-114
-218
-250
214
174
-62
-89
275
-135
224
-22
-109
-123
168
-269
-24
-122
154
-118
-302
-19
-181
-48
-103
19
307
132
-235
240
-267
24
-98
-137
20
194
-308
190
-129
307
-85
-125
-200
117
-246
255
88
57
296
85
126
-277
217
288
-298
-297
212
-302
6
26
-182
159
197
-287
12
277
156
251
34
-148
249
-46
-252
276
-192
-100
197
271
98
280
51
-84
132
113
233
-28
46
-104
-207
-261
-43
-227
-97
254
46
2
263
105
59
-114
251
-4
179
108
76
-160
-240
166
-197
-223
-126
-301
199
66
-303
221
-10
-240
-225
-183
237
-217
-39
126
-269
88
-69
55
-288
-147
-110
-131
73
-305
-138
58
38
163
303
99
2
-162
-145
73
103
26
-24
52
32
-141
-179
-22
-54
-14
182
237
18
144
246
-79
-196
7
59
-79
272
-281
-252
232
96
-210
-254
42
74
-238
-240
-282
-35
146
297
205
17
-50
312
307
101
256
205
8
-215
-234
68
154
-223
153
-29
-75
232
289
-91
-279
273
-260
158
115
-86
-213
151
9
44
125
135
-306
-106
35
-154
-259
-170
-246
-214
279
102
-307
-311
310
256
212
-272
-176
-211
-280
-219
-122
-216
