964
3535
-2370
6490
-7717
1474
5813
240
7173
7424
-5163
2524
-2861
448
3146
4508
-3823
-6655
1163
-2659
-2530
1309
-4090
-7329
-5125
6697
7282
-7504
2401
4365
-347
-2562
-6780
-2461
-7596
-1331
5336
6364
-3392
2367
6566
1104
5439
-7690
942
-3329
6085
3587
-7796
3163
-3716
-735
-2533
-4317
6784
5814
-342
3398
7478
6023
4184
-2557
3171
2679
-5205
1649
-33
-6771
2295
4191
2574
5107
5491
-5549
516
-7775
-3030
-96
-2684
-6297
-1347
3006
970
1954
3068
3984
1189
-597
-2819
4335
7725
3931
1290
7442
-1602
-5032
-1418
-788
-5580
5241
2084
1190
-2256
-1566
-5412
4559
-6283
-125
-5424
663
5280
3739
1863
-5857
5303
-5798
-6003
4152
4731
-900
-3789
-4558
-6779
6059
-2382
-2509
-88
5283
5369
6629
-1861
4657
-766
-2862
-3470
-6
-4724
-5701
-2670
-714
3255
729
-4641
5963
-568
3531
-2530
-2399
7577
7101
4231
1527
-5774
-4998
-6953
-2346
58
4078
831
218
-1086
5510
-1194
-2192
-6645
4131
-5718
-4627
7131
-623
-5144
-4376
-1269
-1634
-730
-5619
-7438
3669
918
1333
3217
5329
-299
4177
-887
7651
2667
6469
-7507
6612
-1265
5865
-4615
4539
7107
6090
6222
-2282
7630
-2075
-4733
-6666
-4392
4981
-7409
2782
-699
2731
-4279
2795
4795
-3029
2121
585
6461
-3124
4865
4601
-6305
5178
-6950
711
-1992
-6474
1862
-4555
-4774
-5365
-1292
-3124
-648
-3202
6026
-3871
-867
-2487
-3441
-2138
-5204
1132
1755
5337
1943
4251
-49
-4305
7543
-2493
-6836
7528
-1448
-2958
724
-2289
-1939
-4307
-3008
3162
-1386
5733
-1222
-747
2172
-522
-4887
1124
3670
-2055
-6425
-7751
979
-6221
3234
-4356
3732
5679
5202
7487
-5284
776
5993
-2417
7190
7379
3825
2792
153
-4839
856
-3982
5647
-1626
-6976
3502
-1599
3673
148
2452
-7061
4103
-6626
-2505
-1367
7770
-5944
5956
1777
670
5971
-7134
4315
2368
-7357
-2849
3772
4163
-2989
-5493
-4908
-5576
-5906
7647
-2587
-2171
-5174
-224
-3855
7178
-1828
-7256
-968
-5872
-2725
-71
5087
-2627
4138
5124
-341
3227
2235
-404
2342
-2335
3699
3007
5030
561
-7727
-5206
-3114
-669
-4756
4292
6924
-2600
-4104
2461
3055
6493
2310
-4671
7700
-611
1456
-1345
4353
-5676
-1063
7532
-2267
-6990
-7637
1737
3443
2110
847
-3708
6831
1056
-751
-2755
-2403
485
7529
-3473
-3019
-1867
1554
5995
-4869
-5265
4835
-2856
-5452
-6238
5345
4357
-1561
-2228
6874
-3371
5605
-557
-2717
-3068
4196
-6734
-594
-3047
3850
-2938
-7553
-484
-4515
-1195
-2578
481
7682
3298
-5871
6005
-6677
593
-2457
-3427
492
4855
-7694
4739
-3215
7680
-2124
-3121
-5004
2930
-6144
6379
2191
1437
7390
2128
3158
-6924
5425
7200
-7448
-7414
5289
-7552
142
652
-4549
3967
4930
-7163
309
6937
3900
6276
843
-3697
6226
-1154
-6307
6894
-4801
-2504
4927
6774
2460
6998
1270
-2101
3300
2831
5825
-693
1160
-2608
-5182
-6518
-1081
-5663
-2436
6354
1148
61
6578
2618
1473
-2851
6270
-89
4478
2708
1906
-3995
-6009
4142
-4934
-5582
-3148
-7521
4978
1658
-7586
5517
-240
-6007
-5623
-4571
5915
-5413
-985
3156
-6717
2204
-1736
1370
-7203
-3671
-2739
-3264
1824
-7633
-3438
1445
943
4082
7576
2475
62
-4060
-3634
1823
2580
655
-600
1291
796
-3517
-4467
-546
-1347
-350
4560
5918
455
3591
6148
-1979
-4911
181
1483
-1973
6804
-7034
-6296
5788
2406
-5239
-6352
1062
1858
-5955
-5994
-7051
-877
3652
7435
5118
427
-1239
7791
7683
2531
6409
5121
212
-5386
-5851
1705
3853
-5571
3827
-722
-1881
5810
7216
-2281
-6963
6836
-6498
3948
2865
-2146
-5313
3778
236
1090
3126
3371
-7648
-2650
866
-3852
-6479
-4245
-6142
-5350
6978
2544
-7679
-7775
7759
6407
5288
-6805
-4397
-5282
-7006
-5476
-3048
-5396
-1284
1448
-3065
-5656
2871
2355
-3529
4915
1670
-77
-4543
-5013
2493
-7325
-4152
-3477
-5298
7797
-5107
-6907
-122
-5780
5822
606
-4488
5912
-4597
-7525
-4707
-6310
2599
-6913
1361
529
-1031
3679
-3972
6038
2447
6895
-4091
-4629
4990
1281
-1335
-2354
-5176
-2818
-6961
-3331
-7254
-3190
6477
7677
2925
-5714
-4791
-3665
6717
-6587
3654
-6931
-3052
-6662
-6554
-7404
-2947
5250
-4353
-5152
1186
6402
-1501
-5801
193
-4704
-2306
-1101
772
-7730
-712
-1756
-1761
4095
-7723
-3898
4685
975
5974
6470
-4013
2794
6679
-3177
-4965
-7708
7300
-5428
-5677
-3393
3594
6840
6035
7175
-5765
5031
-5483
7541
435
-5067
1785
-1560
1830
-1304
5144
2318
2456
-7676
-105
3309
-1627
-4871
-7353
1667
6975
-1551
5813
-7765
-5048
5636
-323
6989
-5506
6562
2337
-4198
3908
1837
6210
2013
-3104
4920
-5067
-4508
885
-6296
-68
-4930
-7556
5715
5708
1046
-1620
-3774
-382
2808
3933
5782
-3984
-2793
4965
-7133
-6495
-2807
7615
-6254
7522
-2472
-292
-5975
5809
870
1131
1730
-687
-1226
5404
80
-3358
-3585
33
-3656
1860
-7197
7111
7087
-5708
4660
-1978
1594
5309
-3284
361
5449
7775
1992
3798
818
4315
-7468
4055
-1398
992
6344
-3018
-3731
3027
-1842
-4137
-1902
1450
-7468
444
-5147
-1768
-5818
-389
-1261
6253
5351
-1776
-3670
4791
4276
3992
5115
-1292
193
-2225
87
3197
7482
6053
-1860
3046
-4692
3603
2017
-3933
6192
-4730
950
1569
-912
-3329
654
-3471
2332
3884
1312
-6107
-5418
5095
-6477
-1110
-3569
-5616
-1478
5265
2520
3591
2172
-4015
-3564
-5373
2007
-4350
-6360
3897
-7322
-3754
-375
-2466
4504
-4677
3328
-4480
-5819
1121
-1778
42
-7534
-5442
-19
-3933
3755
7655
-2085
-7661
-7717
-3812
1320
6549
6787
5604
5366
7773
5702
3629
-7291
-5784
6693
7611
7602
125
-2598
-257
6260
-1246
-6319
-5429
-352
6834
1396
-3621
1708
1609
-5853
-6799
-627
-3367
2791
-2655
-3082
-1178
-1355
3507
-4303
2773
7679
2710
-4231
-6561
7408
3273
1725
5531
3262
-7155
-7812
728
5092
-70
2913
3093
5259
-4783
-4353
2086
2453
7287
299
-6352
1000
3174
3770
-2636
-2156
-1994
5953
2248
4295
-4976
-1307
-243
5013
1767
4046
3129
-4533
2043
-2024
4280
-3633
-1905
-1990
-6075
-4444
4966
1760
-3628
-474
2769
5788
-2919
-3436
-6326
-4756
-4908
2219
2196
1613
-2636
5178
4976
-2435
7607
6456
-915
-6077
-4065
6102
5831
5036
-2494
-3276
3177
-1326
5580
7558
-3773
-6569
-7577
6101
1193
2098
-4267
567
-5710
-2723
2593
-4917
6225
4602
4612
160
4848
5712
3788
5079
5892
-4153
7340
1511
-5154
-4088
-4812
-933
-2608
-4863
25
-6632
2740
732
-7658
-3780
5239
4056
-6061
-7066
-2203
203
7240
1182
-4787
-3572
1255
-6231
1354
-2535
-6506
7143
4347
-75
-3474
-509
-4105
-6361
-56
316
-1411
6032
-6640
3315
-1018
-963
-3971
-1609
-2121
242
5989
-2745
7177
-6329
-6040
4388
2458
5405
3248
-951
4843
-1838
3281
1761
-4897
2891
-7156
-1190
-3770
-463
-1879
-272
7278
-4760
6230
-342
3969
-1670
7538
-493
4272
915
1464
-5083
7314
2932
3587
-4453
-2296
-1998
2556
6568
2107
132
7655
2652
-7333
-1043
6151
3828
851
-358
-5848
2072
-6152
-7287
-277
4746
4902
33
7139
7707
-700
-3124
1184
5328
-1277
1530
7155
1284
7322
3145
289
4212
2333
3704
2569
1519
-2896
4740
7177
5895
-2250
2021
-5709
842
-5522
5973
6971
2295
-7666
7791
-6075
2914
-5774
6640
-582
1746
7230
-3725
2313
2846
-2573
5381
-6098
-1598
-6793
-5419
2738
5977
-3522
-6807
-3201
6846
-5737
1438
7022
1696
-6610
827
1775
-4943
-5989
2795
802
-175
6989
6229
-5558
-7670
5378
3563
-2126
3429
-5104
-2833
5700
7158
4244
7538
-3282
3172
-530
5804
-4460
7323
-2456
-3669
2174
-4850
-4859
-1803
-3594
-4145
-2911
6923
-6168
2419
6383
766
-1088
1109
-2038
-2489
-6824
-158
-2756
4006
1544
-3551
-4842
3108
7261
614
4898
-2987
-5734
-3601
5661
2357
-7492
-7727
-6582
-4473
1686
-4744
-6959
255
-4051
-1292
-6991
1815
-6447
2912
1488
2425
-930
6827
5871
513
-4673
-493
2407
-4180
-2220
-5420
7467
-4096
-6588
-3182
3089
-971
-254
4338
5265
6233
2568
2555
5017
-2737
5990
-7536
-5398
-5509
2333
-1002
6140
-7733
2449
-732
-1219
-2113
293
-1644
2034
638
7554
-4229
1472
-5812
-633
-3120
-2762
3458
1337
-1643
1126
4525
5650
-5300
96
-5052
1492
4087
6114
-7233
2499
1897
-2873
-6278
-1806
4298
-1361
256
-3105
-1921
-6908
1326
3008
7305
5002
6491
-2554
-952
529
1788
3239
-5977
-319
-5712
6386
1714
-5257
848
-727
6902
-5285
4899
-3866
6902
-6395
-7450
-856
5790
-7130
-1964
-4982
3113
-1724
-4157
4367
813
-3739
-3691
7063
2973
5482
3649
-560
-1936
-6763
5621
4992
4496
-3904
-7419
-2355
436
-114
5484
1739
7074
-1774
-917
7568
-2473
-6594
-3595
-3780
-7502
-7768
869
-434
-4353
-5032
6457
-7401
-418
5972
6004
-4342
-4933
-1539
-7399
3325
5328
-7606
-1798
-3231
-1478
-6210
-7178
6069
-6679
7072
-3362
-6257
7505
-1724
3489
2274
863
3751
5248
-5093
-6110
-603
-4313
4757
-3879
-6679
-5122
4106
6796
-4013
-3162
-1136
3692
-1245
-1218
-4477
-6085
-3944
-1366
1746
-2970
4460
-745
-5575
5281
-7762
2607
3270
2152
-231
2282
-3246
4346
-4900
601
7599
-271
-3131
-5581
-507
213
2256
4531
23
1694
-3539
3103
6392
-1336
-1575
-3569
-3678
6939
-5988
2486
6572
3215
-6939
-1006
7726
-4864
1352
-6117
5882
1665
601
7261
1575
7737
2242
-6693
-6258
1628
-1538
-7443
-3705
-3956
2859
1273
1830
-3717
-4673
-3841
-7338
762
-6832
-1807
1366
-2181
5163
5770
-1680
-4860
-2055
1432
1906
4988
5742
-5365
6860
3342
-6300
822
3116
-5248
7562
5859
4185
-2718
6451
2749
-530
7795
5231
-4490
2550
6230
6709
5852
5831
-6448
4281
7489
6132
-6588
-7573
392
3106
7520
-4285
1449
-3699
-27
2530
-4249
-5326
-791
2495
5779
-4081
-4910
4222
1529
4164
-6115
5171
4356
3457
-4359
1659
-3774
-2747
1344
-5737
-5131
-5938
-2660
-6692
2744
597
7365
-2642
-2768
-1162
3628
440
2274
-1602
35
-7639
-2471
-1854
6730
6365
2547
7289
-1345
-1288
114
-1981
-3018
-1777
-5966
5059
-3845
4036
5339
-7592
-6950
6117
2000
1709
-6276
-3647
-7286
-3917
206
4186
370
4001
4862
6523
239
-1955
7203
4645
-6401
-6619
-1997
2268
823
5196
6910
-884
4407
-1148
635
-4858
3405
-7088
3163
-3
1281
6809
6054
6316
-3915
-7696
5128
-6742
-5519
6108
-4577
-1272
4199
-4950
-2076
-962
1365
6149
3709
3692
-7427
-2292
5046
923
5309
657
-1241
-4610
4877
-2980
3450
-1405
-5948
4057
-3196
6600
-576
1740
123
-5772
1297
5168
-4427
1370
2011
-3138
-6288
-3295
-3804
-597
5955
487
5975
-7241
1388
-2078
-4105
-1759
7690
-2606
2630
-3494
-7757
-5260
4333
-6090
-6466
6199
6717
-6360
794
-3083
-5999
-980
6709
-2411
900
-5963
7433
1071
4488
5613
5224
-2875
-6071
-1927
7620
-3043
-5589
-1010
1366
996
28
-4726
-4097
-1675
1151
-4016
-1630
4482
7011
1532
-161
-3100
-2925
7344
-4520
2304
-4633
-1752
-4900
822
774
-3257
5892
-5169
-378
-3557
3269
-7339
-7084
-946
6731
5370
-5473
-1640
3042
-7293
-7394
-4178
-6630
1374
7659
6832
-4470
-3310
7423
7249
4933
-6330
-5093
-7281
3777
-1745
-6213
7782
395
1328
-6084
3331
7
-4851
-4214
2773
3531
-6517
-2405
6980
1274
-464
-6311
-4419
-3051
6307
-6490
7800
4700
-5089
-56
-4774
-2080
-1603
1312
4011
7591
-7009
-4792
1136
-5179
1432
-1045
-5174
-3321
7497
2431
-2543
-2523
-320
-6346
-3203
6504
7540
5740
2661
1757
3568
531
4181
-7733
2086
-7626
-4839
425
4852
-7628
-1799
2619
6641
-1833
949
-3797
-5504
-3055
4104
-3302
-2144
4443
2883
-585
549
-4600
-2826
-5050
-2934
-4507
4457
672
1231
6185
87
2989
-4425
3706
-4875
4870
438
4079
1494
-3827
3072
-7521
-4398
2978
3609
-5566
6589
7071
1074
1789
1587
6669
-5838
3303
-108
157
2797
3586
3936
-7274
-5513
-535
-2014
-6054
6737
-2620
5350
-3873
3712
-862
5618
5255
-3115
-1742
5499
-2905
826
-6912
6442
2440
3861
-4543
-2976
-7001
-3350
2598
-5690
4464
7424
311
2707
-5805
3193
91
-5375
905
-6026
-6094
-464
-4682
4546
5144
-2480
-3534
-7661
-2069
-4244
5842
7432
-316
-2968
1663
4065
-6437
3734
5128
-4098
-3462
7584
-1340
-6241
-1803
2330
-6452
1694
-3378
-5495
-6021
1437
872
-2591
-3744
3734
188
-2456
5063
-5008
-1757
-5144
-3804
5747
5346
4275
-5300
-3460
-7303
-3720
4751
5705
5354
-3518
-1157
-7284
-5020
7472
6366
-7396
4352
5007
1624
-555
4345
3747
3862
-854
2396
-491
-7340
-3381
-3828
6571
-3528
-1735
1050
4619
1429
877
7042
-5127
3376
-1464
-4127
598
-1059
-3224
-1308
-3356
5113
425
-5611
3132
-6742
2876
6431
7195
-3666
6725
1265
-2270
-5520
4931
-2635
-2354
3632
-1263
-2823
5044
7367
-2776
-5983
2160
1813
3389
6038
174
1030
902
-2288
-4804
4523
-3598
5458
4264
4609
-7354
5125
7481
-5942
-6725
1286
-4948
3189
-1829
6493
5344
-2253
-5816
-2059
-6081
2422
2300
-3880
-4513
5577
5261
-2122
-5572
2236
-4303
5601
-7605
-4143
5184
1311
1750
2070
5943
6915
-1959
6262
-437
-4915
-412
-2645
-4312
-4988
-4390
-2896
-4741
130
-5103
6785
390
-5637
-3152
1379
417
-6530
-3915
-1732
2654
4166
1071
2063
5973
-441
5355
3169
-313
-7708
4946
-780
5705
1699
-7029
1040
952
-3396
2295
3146
-808
2333
2951
-3130
2737
-4075
-2192
2473
-7326
892
-5134
-990
-6929
4277
-7731
4136
-1089
-5433
-4721
4436
-6113
-1555
-465
-4052
5897
-4725
-916
3982
-4064
-2798
-5050
3014
174
-3513
-5419
2085
1245
-7239
316
5737
-7161
-3843
6014
-1432
-3504
1168
7540
-3533
-461
3211
2633
439
-3766
2060
-683
-5894
-337
-4573
-5129
-3428
-2268
7188
918
7292
-2685
-6267
2139
-2759
-7553
-5124
169
6301
-6740
-3859
-5351
-4869
2148
6809
-7407
1174
-3965
3367
-4201
4180
6732
6392
6949
-6065
-2950
583
3610
-5176
-6353
6370
7261
2698
4232
1795
-2232
477
1343
3715
-5763
6544
-3627
1448
-6328
-952
4775
-5513
4698
5194
3001
499
2760
6556
3674
168
2982
1394
-2589
-3898
311
3727
2236
-4822
-6771
-121
-2756
6326
-3712
2473
1486
3142
5483
1582
968
4963
6060
-7692
5823
7372
-2947
5947
3150
4634
-414
-1491
-1780
-6708
2617
-4003
6870
5111
-1014
6656
-2462
-3046
-2176
406
-7291
5489
-2305
-6387
-4642
-5627
-2054
-338
-1308
4767
5714
-6906
-2372
-921
-4709
-7322
128
-6312
-198
2271
-3547
-5612
-5108
-6660
4318
256
931
2839
-29
-1930
1784
-7700
-6320
6783
5821
-2573
-6104
-604
-6410
2857
3257
-6489
192
-1587
-2236
2828
-2506
4821
157
-7075
-1747
-5122
-6005
5455
3788
4814
-2907
6689
2084
6841
5464
6356
151
-3766
-61
-4715
4418
2286
4831
-3760
699
6808
-682
2725
-1101
-3446
5380
-5949
-1813
-6599
-4376
3320
5316
7313
-6003
5295
-2793
-2978
2475
2635
918
3858
-7600
-7647
-6495
455
-4320
6026
-2251
6462
4934
1702
558
6153
6601
5563
3465
-473
7610
7364
-4360
-2844
-5186
2607
-3503
-4488
1340
-783
-7077
6769
-3595
-4356
-1010
-5089
-384
1946
-4062
-148
-2384
-3467
3198
6698
-7452
-950
5646
2112
-6474
-767
-3945
-3763
-3298
3172
-5285
-3526
5356
-507
-4133
-2950
7229
-6802
-359
7409
-1494
2467
5900
1650
-1067
-4513
1970
7484
1125
591
-2896
-2938
3810
-3529
-848
-620
-5754
-7733
257
6714
4299
-5195
5427
-3385
-745
7472
-1264
1542
-5602
-1546
-3665
-6060
1862
144
5943
5515
-4664
-2922
371
-20
571
2157
5344
-4318
6359
7147
-5390
5185
1395
-7561
-5223
-3886
-3669
5570
-7269
5663
-2317
7424
2236
-2753
-6737
4243
1800
-5644
4075
4712
-3790
909
-1924
4527
-6521
1116
-1400
-3067
-7472
-620
-4731
3749
-7438
-4196
2615
-6285
-3984
3075
6383
4140
6832
1156
-1215
1686
-4308
6370
5607
2191
-4468
-3209
-3973
1271
1139
-862
5965
1012
-7599
-2017
-1670
-1237
4597
371
7270
526
5115
4130
-4411
-4734
4983
-2040
-7738
1259
2217
-7426
-5489
-6698
-6066
4021
4279
1200
-4174
322
-2062
6390
-5192
2611
-3919
2148
3640
-370
-7596
6009
4661
7477
-4620
-2883
6138
-3482
-977
2156
3980
-4555
-571
7301
4117
607
-4562
4953
7787
-1645
-444
5481
1081
-2080
5775
4118
853
-1587
-5372
-6833
-18
3517
7200
5552
-1554
1357
-77
2571
3158
-6349
1424
-4160
4699
4787
-5570
-4708
874
-4333
-6236
1479
4552
6086
2897
-7135
-6645
2870
1994
3102
2759
702
-7527
4022
1010
-1689
317
5730
-6465
5630
-2209
-1930
-998
5764
-6791
-6243
-6849
-6970
-3188
-5382
3844
3272
4666
3580
-4150
5830
-3055
-7740
1254
-6538
-6484
-7773
-6876
583
3752
-7313
5169
754
6116
5378
1638
-6762
836
1438
-7004
-7643
-1221
-5512
-4831
-818
-2272
-2873
-1192
3421
-5309
7493
3448
-6
2174
-5403
-1309
7753
2099
4563
-1077
1340
5112
1102
4880
7344
-4302
7525
-2102
624
1054
1716
-568
3587
4290
-3554
-6281
696
4443
227
-6030
1772
-5567
-615
-16
-6611
-2853
-2300
4738
3681
7605
-4959
1828
243
2271
6187
6018
-5032
7653
-2158
-5766
-2620
-3090
1700
7186
-6371
1811
-1321
-4716
-1699
2999
-7606
7211
7786
-3300
-7586
-741
3599
4860
961
-3008
-1300
5894
-2526
1081
2936
6878
-2779
30
-4315
-1628
3560
-2321
-398
2268
4481
389
4628
1295
4049
-5945
-2020
1025
142
2098
3652
2693
-4219
682
-506
1313
-27
7052
-3244
-3186
-5371
-5899
-5404
-5445
-6972
-6342
4768
-2808
-3413
5142
21
-6292
-7756
-2298
-4698
-379
3519
4550
-5638
1699
-7368
-6700
2309
6964
1271
-233
-7160
-2727
25
-371
-2607
5554
-7678
6484
401
5021
1841
5485
-6586
1740
1644
7543
-4050
6139
-6157
-5475
-6371
6597
-1784
-5429
-7506
-1634
-31
-3884
-6261
5031
-1574
-7560
-1711
2509
-867
7281
2014
6080
5358
-6866
5960
1311
5909
4097
1483
-3024
842
1090
-5547
5064
2007
-7650
-4952
-5798
-2991
-3802
5041
6709
1709
-5294
7540
7377
5373
-1661
-1661
148
-823
-2748
5455
-6951
-7631
5987
408
-5912
-7779
-804
4180
6905
1741
4110
-6827
-5036
-1766
-2543
-2240
-5176
-4708
-2760
3684
2595
3513
-3131
-3617
603
4288
4761
7115
1741
-2783
4213
2284
751
-6532
-2097
-7420
5327
1432
-1939
-6713
695
-194
-1332
3573
4143
3699
-415
-493
-6259
5257
-7087
1846
839
-1311
3231
-78
-5279
-166
-6875
-2079
4575
-1777
-932
3926
1821
3250
5102
2381
-2198
-3200
-4067
1714
-1796
-2698
3997
7764
-6602
-7383
-6900
3766
3562
2390
-7438
3339
-2786
2175
-2351
5214
6516
440
7297
-1778
-4215
2154
-250
-6717
7074
-6405
-3674
6673
-4735
-4351
-6266
-6332
-7296
70
-528
2072
7420
4064
5913
2143
-4293
-2479
4889
-7351
-3995
-1224
-7752
-3747
2679
-6570
-1801
-7194
-2774
-320
3382
3249
-7414
-3802
-4836
600
-6016
-4284
-5506
-4561
-6788
-5299
-5953
-4832
-1761
3281
2085
-427
2468
-676
7041
6483
-1324
-1582
-3557
-5649
476
-504
7187
3016
5982
93
-2567
806
4238
5352
4668
2078
-14
-2866
-6530
-4628
6231
1963
-254
-5822
-2389
-1931
-1461
-3806
-171
2353
-3579
-4901
3575
7049
6893
3397
937
-5540
-1715
-2703
-2066
-4397
-483
-2600
2472
-3791
6926
4323
4376
5525
6798
-719
-1023
3035
4367
-4467
2937
-7460
-158
-4881
-5202
-7477
-7433
5715
-5662
-280
-448
-989
-4618
-313
-3337
6213
3315
7412
6958
6873
-5615
1974
5981
-3682
-2219
-5950
-865
1909
-2548
-3321
2116
-2951
6333
-7427
6044
3572
4670
-7364
6565
-1416
-2726
6354
5555
7591
6210
-5087
-1068
-2963
-5552
-1858
1145
-976
-7236
6390
-6494
-5390
-5299
-6631
7228
2552
6316
5230
439
2695
-2305
-2670
1279
-2662
4670
-1175
5118
4175
6985
5001
-2150
7566
4142
-2029
-3526
-4324
6699
-638
131
4993
-1921
4165
-1276
-1091
288
-5195
2013
7740
1314
6525
-6571
-2440
-5484
-5024
6967
-1217
-7323
3048
-2486
6156
2155
-7268
-3658
-6890
3768
7029
6515
6067
7651
3342
-4857
-5140
-2663
4028
933
-6472
5587
6561
-7570
-2012
-7591
1239
6741
-5314
2402
7480
1847
777
2524
7325
1479
-5039
5302
7691
7462
3195
-5878
7024
5602
-3556
1075
-793
3688
7227
-2108
-3833
-5366
-1180
7055
-6743
-6628
7714
-1675
-441
184
557
4279
-2975
4121
2642
6963
2674
4587
4094
-2813
4864
855
3184
5009
-3579
4904
1091
-6544
5855
385
-6624
5625
-3625
-450
-6966
-6316
1103
-6596
2395
-7370
-4343
-2125
-2357
-2543
5035
-7060
1499
-5561
-3769
1976
-4878
-1318
4769
-4960
146
4758
3009
6769
2030
3945
2533
2330
-4429
-1317
4692
-7325
6164
5237
-1936
-5424
2929
4042
2988
-1031
-6264
-2065
5451
-286
-5339
2691
6591
-928
-2007
-5349
2248
-3759
-7434
-7685
-524
-483
6154
999
-3821
-4292
-5598
1880
-3273
-6388
-7416
3970
-5320
5896
5027
7720
-75
5426
1467
-3142
4187
-3360
4002
-4900
-1030
-1449
-2712
-6942
-6968
-4433
-6144
-3932
-2258
-1442
7578
5914
-5681
-2149
6446
-6924
4597
-7009
-7288
-1401
-4785
1176
1145
-3532
1222
-2781
1569
-4578
-4564
6888
-5036
-206
4569
-4054
-5366
-6242
2238
5020
2378
1215
4057
-4852
-6505
-335
4043
-4682
-6390
-4027
3151
-2264
2228
-7414
5842
-4090
4348
-2230
-5817
7288
5508
-4415
1376
471
7142
2630
-2255
5844
4875
6745
-3352
4852
3018
6316
280
3780
-6806
7217
494
-5512
-2963
-7176
-1689
5982
1037
7070
7536
-4806
-4094
-6618
2033
4106
213
2145
5172
6991
4955
-4220
-1485
545
1759
-2200
-1379
-3366
7450
-33
-7543
6005
-5550
1707
-972
2924
-864
-1092
-5751
-6083
2820
-6093
6620
369
5292
-3978
-2336
7503
5193
-3052
-1065
5176
2203
4598
5743
-3375
-1245
-5349
6785
482
3032
-2883
-3703
6853
-7341
-6376
3658
2568
5824
6142
-5981
-1272
4817
4934
-4640
-1507
217
-6674
-6253
2073
-881
-316
1606
-6630
-6773
-1483
-113
511
-2336
-2061
-2423
-7625
-601
-1969
7177
4347
7085
4255
2403
1416
-664
-6640
4321
5873
5078
1255
6066
-5356
2677
7477
-1386
6183
7428
5355
2921
-4966
-340
7734
-2899
3794
-447
617
-5138
-7570
4911
-4528
4452
1449
-1253
-6421
1743
-7435
3797
-3062
1611
3236
63
-2160
5134
5533
1407
3818
308
5556
2883
-7087
3147
-6173
6476
5409
-6312
-3312
2562
4659
3987
-5323
-281
-347
1653
96
2882
4401
-5121
6572
6854
-1027
3847
5219
-2692
3514
2685
7700
-1706
-4862
5527
1589
-3480
5528
2675
4691
-712
4075
3165
-1413
4837
1040
225
-7234
6010
-7214
-3731
-6297
-3168
3003
171
5530
-156
1636
-3523
6116
-1444
4407
-4546
5355
2969
-6581
-1393
-999
6301
6909
6890
7100
5322
3799
1930
7746
6250
887
7770
7658
3362
2161
-2653
-7543
224
6753
6395
-7073
-3147
-5602
-7541
-6816
-4210
-4307
-5031
3632
-3751
-3554
-4168
-4134
-7389
-4042
-3629
6716
-2480
-6715
2273
-1773
1602
-4052
-5089
4751
-7704
5825
6673
5849
-2863
-4296
-299
6358
6406
3791
1441
-3882
4820
-5221
5980
6900
7508
7319
757
-1114
466
-5179
-4776
6841
3378
2068
-5889
4801
1677
-413
5002
-1106
-4294
-3319
-6010
3497
2944
-4778
124
-7174
7276
4276
-826
6595
4155
-1530
891
4687
3153
4753
1633
-4805
-564
-4475
-4339
2761
-6166
566
-6163
1960
-2903
-6636
-5448
-2191
-699
-423
-3460
1394
-2749
6574
2664
2670
-3146
-6457
-6328
7458
-6432
194
-42
3677
547
1265
7179
3942
-1311
3213
-3709
-4454
2877
-1658
-2822
140
3597
5763
1665
-4338
3198
5254
5664
-5921
6975
-4255
-7691
-7044
2251
382
-451
-6916
-5343
-3140
-4388
-1398
-4818
-817
1387
3921
4820
3295
113
3949
-6355
-7777
-3846
-1424
-5933
-4074
7054
3158
-3270
5396
-3680
-44
2192
2085
1191
-7743
-2430
-1666
-7810
3270
-3503
5967
2892
-2080
7234
-6
664
1338
2286
695
3159
128
6693
5434
-3656
6665
-4166
129
-6726
3369
-1684
5634
-4316
5405
7359
2604
-5180
2625
-3876
6296
-2228
6854
2004
1887
5738
3047
-6577
-7787
-2583
-787
-4436
-3967
-4710
-2305
3220
5742
-6112
1197
1365
6359
378
-6120
-4934
1604
6270
-1184
7319
-4120
7496
944
-3413
7511
-4526
-7683
4885
6615
-1628
-6339
-1862
-4260
6374
-5354
-4602
-3624
3034
-1434
4046
-7189
-98
-3677
1247
5134
1042
-3776
-4815
5719
1861
1677
-5307
-5335
-6722
-4528
3388
6560
3332
4332
-2279
-1689
221
-5541
-1861
1502
7252
-4657
201
231
2735
-5455
-4110
6915
-922
856
-4294
6851
-6327
-2033
-2110
982
3342
-7155
467
2128
3241
-5317
-3419
418
-6164
3283
3189
-5783
132
-3947
1472
2103
3041
-7586
-4794
-5425
5139
-2927
5382
2597
197
5734
-2797
-3876
7688
-2477
5030
5226
-384
-5044
2341
3384
4740
-2590
7036
956
-7776
-7688
-5993
-2858
6043
5666
-2906
4508
-1703
452
1486
668
-897
-3262
-4780
3785
-4411
-178
-5376
-3312
-699
5296
5863
6235
1406
-5562
2781
3426
-6604
-1014
-6528
-7625
7569
3702
6841
-671
637
-7671
7787
967
1581
2186
134
-3525
1154
1489
-1662
6715
-3115
-1628
-7772
287
-2327
-5322
296
-7802
1365
2047
-7412
3669
-5055
-3084
705
-4079
-2935
6762
4016
462
-2754
6830
-3511
-2899
139
6295
4515
2794
4875
-3985
5870
5852
-6891
632
5992
-1392
6544
5209
4733
-2563
-1538
7304
594
1613
3511
-2980
-3026
-7079
4335
-403
-5667
3547
-7652
-3209
-5650
5537
488
5563
-4691
3433
-2045
3748
-3253
-1381
-7024
6021
4418
-1248
-7381
-298
3756
-4756
3800
-3789
-4061
4588
-7458
4269
6335
-6718
-2871
-7479
-5796
-2500
4510
-6230
529
-1339
-654
-1527
7679
-2364
-6679
-7626
-2752
-2604
-1296
5878
3160
-1929
-3736
5900
-2418
-1381
5472
-2806
6785
-946
-5870
-6011
-1539
3504
-5032
4433
2518
-1798
-4311
3564
-6270
-6167
2200
-2658
-3806
-5207
-6775
4081
-1192
6937
-612
7458
5132
-1997
-356
2897
-1066
828
-7632
-3924
4725
-5328
7144
85
-2942
7324
6814
6332
2389
864
-4479
-6952
944
-3616
-2913
6305
3277
5406
-1855
1467
-4181
3235
828
2968
-3185
-279
2037
4290
-6342
1466
-7343
-1654
-71
-6110
2238
-1122
-5575
-1462
-4291
2969
7088
5845
-177
-3471
2739
5340
-5114
-1601
-4163
881
-3262
-7421
-2128
-142
-5306
7758
-800
6682
3603
4637
-7697
1749
-145
-724
-6353
4975
-1738
-6870
6094
2631
-5855
677
4953
-1518
-6900
4137
2884
3870
5017
-2576
4476
-1581
2100
7750
-1098
1924
4221
3730
3683
7412
1293
-3269
-2044
7103
-2793
4010
3113
3697
-6129
-3119
-6217
-5849
-1445
-3857
3204
-4271
5824
-1385
-4543
-4986
-6704
3921
967
1040
5656
-5244
920
2250
7210
-2306
2988
610
-1292
-2720
-3052
-545
-6962
1646
-3751
1658
-7097
-6314
-7516
-2816
-3173
-4577
3724
2070
891
7630
7446
3401
2223
-7762
7378
580
5033
-4013
3973
-2265
-3039
2661
4212
-2155
-4494
-6597
-4480
-2884
-833
3456
-677
-1946
-1902
-7264
4595
7239
-1422
2949
1346
4724
5933
-6510
-5605
894
4347
-6076
3942
1523
-4327
-6700
4156
-7033
7231
2047
-6837
-4931
-4526
5738
-6991
7619
1111
6197
1510
3172
-2235
-1997
7664
-4822
-1519
2063
-3181
-4362
-4743
1299
720
6445
-5239
2390
-3687
-4954
1112
-7405
7733
1853
536
-6630
2360
833
-6352
4218
5089
-6835
857
6675
-7185
-6349
308
6694
3971
7087
3711
2927
5286
3404
-6038
5944
749
-2068
-248
-3411
-56
4047
-6649
6724
6774
841
681
1125
5587
4358
-4923
-4769
-6546
6852
-626
2437
-6964
3699
4788
1269
-2874
-118
1968
1514
5350
123
6032
89
6074
-2269
7189
3338
6262
7793
5488
-2955
117
807
1755
-7686
6029
5118
3828
-2592
6106
-4965
3578
5956
-3808
465
-1591
-5356
2723
2094
1861
6905
3126
90
-6439
-6879
6277
3468
360
7318
-699
7260
-2208
-3739
86
-6225
-2320
-3647
-2346
-6288
5179
-820
-3617
695
977
652
3776
-5781
-7043
7205
734
-2526
7285
-1757
-6261
-906
185
215
884
-3348
-4796
3059
5877
-3549
-6407
-5363
-1626
4447
2991
7630
3928
6006
1120
-690
6890
-4875
-525
3207
2269
5730
4648
7047
-885
-6276
-5074
7024
-3081
-280
6165
-2924
2233
597
6774
5877
-2767
4724
2384
5919
7092
6028
3269
-4172
5130
-7596
4430
232
-147
6034
-701
-1007
2898
4823
-4230
-4729
-802
769
-5800
1878
-5532
5780
-5847
-5577
2639
-1114
-5006
-7528
-7395
-7496
-1269
-676
6139
-4631
5035
-931
-4290
1388
-7682
-3809
-5781
-6848
7172
392
2639
4640
2745
-5304
5443
7362
2763
276
-2468
4652
2548
-5021
2014
-5780
-5842
6188
4220
-3936
-828
2832
-7262
4900
-4735
6628
-6426
-2123
759
-3579
-3558
4799
-4585
-1001
3029
-3108
3647
-1565
-3981
-5666
-6994
-1902
2409
5350
6941
-220
-4603
6447
-4829
-2330
5357
1164
6184
6042
2978
2104
5167
-693
-4818
5873
-1843
-5399
-4813
3234
7415
4537
-4410
1196
56
7633
5711
1015
2550
-7700
-7128
-6641
-884
5917
-4102
6935
-5510
6174
943
3131
604
-6452
7423
6976
-1370
-3082
-5449
-7628
6318
2655
-4759
-5208
-3061
-7325
-1447
1225
-6589
6455
-955
-5702
-587
7411
5987
-566
-2132
-2427
-2376
4448
-1383
7716
-1184
4551
5673
-7453
-2321
-4953
1494
-7039
5987
2670
-4691
676
739
-506
-5573
-5411
6064
5940
-3205
5494
4432
-341
6557
-5311
5302
-2346
4048
-756
579
5725
-4762
-7409
3661
-6678
-2398
-3611
2228
3649
5047
645
-5327
-6960
1704
2043
5780
-7193
-5041
7418
-2627
4076
-4697
6439
5646
-7594
3898
2918
-7201
-5350
-5678
-3333
5371
6201
-5696
-472
-27
-6208
-7804
-4357
-1316
2393
-1422
-4027
-982
4831
-866
3602
1180
1500
6477
-6888
-6644
6326
4637
-5969
3861
1614
-6414
-4770
5257
-2149
2590
679
1697
-6767
-3479
6232
-6719
-6475
-401
-2039
1287
1468
5787
4282
82
-3778
-4680
-4772
-4611
6474
-2308
-6666
2355
-3921
-5208
6751
-2763
1878
5976
60
-2025
2082
-2787
-1843
-173
2914
-6945
-954
3755
2815
-7112
-6527
-274
3109
-307
-1207
7503
-350
5762
3210
-7333
6931
-3626
3975
1911
3327
5760
6276
-4589
-493
1095
-4259
3885
6180
5650
3215
-2195
1361
-271
1132
-4126
-7431
3766
-2743
4379
-1514
-6996
-4751
-6583
5677
-6316
3325
-3428
-1460
-3640
5078
-961
5978
4970
-4753
7753
6177
3277
3047
3363
-1382
2981
6479
-7593
-7235
4640
1795
-1131
3727
-3880
-2250
-1493
7727
5828
4510
-1936
6894
2027
1096
-2925
-5314
-706
985
-1825
-5312
5416
1942
-964
7334
-2728
-4350
-4721
-6888
1169
5869
-7724
1516
-7240
-5490
-7467
1876
1234
4047
5466
-6516
3954
330
-5801
7315
-6336
6147
-5233
-5943
-2407
-2003
3479
-332
-6290
6876
-3904
1619
4399
-2021
-2256
5593
7712
-915
1126
-807
6904
6161
-4588
4810
4904
6378
6436
3479
4374
-1563
-6789
-4380
5310
2010
-5416
5998
-3538
-5822
4224
6646
-4028
-2277
5708
-4746
-3939
7797
2432
-66
7057
-3170
4242
6290
5813
-5520
480
6391
-7732
-6347
1706
211
-3176
51
932
2526
-3
6317
-6556
4663
-6691
4897
83
6263
-4766
4879
-1344
1214
-5367
1205
-4173
471
-2081
-7626
-6906
6217
-5244
7500
6724
-4426
-2350
7364
6868
1767
-6883
-2706
1954
5372
5144
-4123
6996
6758
-4202
2962
1162
5846
3680
-5192
392
276
-3864
7729
-3504
4966
-5066
-3959
-7456
4389
5556
4301
-115
-3001
1093
-2054
792
-1833
-6244
7235
-3024
5699
-4125
-3190
-6542
-6948
-7029
-7093
413
-4097
-4610
4608
4923
50
-3322
2157
2989
491
1109
4065
3941
-136
-3536
7740
-3335
-5539
4123
6940
-974
-2973
2613
5070
-5170
-5637
-3746
-1620
2027
-6628
5732
-7375
4634
736
-1769
3961
-5929
-4010
1835
-6223
-7421
4665
-1100
2282
551
4929
4528
7671
1105
4450
3478
-2133
1521
587
578
-6517
6466
-1927
-6133
7004
730
-179
-1247
3886
-5680
-3114
6267
7368
-4825
3270
-5187
-6698
-2809
4231
-2986
-27
3949
-6907
-4006
335
-4870
756
6991
-1183
-3385
-259
-2447
-2311
-207
-1008
441
7428
-86
-1403
4545
-441
-2056
-2966
-5340
1359
-1130
-6008
-4025
4313
-2160
6929
-3833
-1833
-4684
703
7056
-5433
-2367
-1601
-1566
5923
693
4224
-1362
-7514
-694
4680
-1391
-7366
6727
-619
1216
-1734
346
-5936
4431
1401
-7335
1155
5399
3097
4460
3033
559
-153
145
4428
-4744
4093
6857
7055
-2697
-6082
2429
-1358
7718
3349
-651
-6414
6306
3331
3894
4054
-2251
525
-6405
-3833
6075
95
1734
2825
-5936
562
3619
-6520
243
5795
-6495
5511
6107
-4990
504
7475
-4406
402
4983
-3230
-3427
-2315
2667
-5181
206
1606
-7134
4951
-5454
-346
-80
-4317
-5315
7812
1102
-4172
4960
-5013
4716
6890
1831
7531
-4387
6446
1223
3187
3718
6867
-3206
-4749
4630
-6676
-6315
1806
4960
-358
7501
1040
3776
-7184
7410
7287
-5122
-7208
-3893
6070
2612
-5651
-5465
3887
-4182
5289
1858
-93
628
7691
5624
5134
-6888
4754
-4653
-4856
-6025
3462
7451
887
-4347
-7749
-641
3877
4535
-1619
-7696
2004
-3016
-1490
-7737
1858
-3957
-254
-1073
2323
-4162
4197
7083
-4026
7295
4131
913
-6970
4656
-6751
3696
-5764
-6973
799
2322
-4510
-6545
-2647
3418
-1418
5516
2400
-1319
-990
-1869
-7388
7157
7254
2470
-4782
1813
-548
7317
-3507
-4309
5984
-4978
5380
1581
-690
-6397
5400
3772
2509
-431
2082
-5216
-1839
-218
-2643
3656
6367
7250
-2230
-5421
-3447
3969
5526
7182
-2584
4621
-7425
-1473
2747
3073
7409
807
-7299
-5020
7009
-380
3113
-6650
2715
-1678
-4726
2929
-6922
-1590
6222
-209
6517
-3094
-1703
-5152
-4377
2615
1441
-6926
3872
-774
2346
-7502
-1632
-4976
2742
-4925
2622
-4854
819
531
2300
2538
2666
-1987
3756
-2672
-3079
-3146
5562
3209
759
-5215
5449
3128
1249
7331
-6680
-1761
-7464
651
6836
-4674
-3781
2043
-6802
-5758
-1082
6724
2640
4180
-415
5428
-7604
-54
-401
-4840
-7142
3767
5597
2144
5726
-2336
6143
-7198
6271
-7337
-6142
-379
2120
6990
-4200
-840
-4400
-6084
1466
1829
-7203
3842
-3152
-6349
-335
-7374
-6525
-597
7133
-5647
-460
2211
1064
4721
-2728
-542
2685
-2975
5125
-1501
-6415
7189
7098
-953
-3983
-1418
-212
-4378
-967
444
3313
212
3181
-6230
1769
-6345
4625
-3155
-3766
-3192
6887
6450
-6351
-5249
5029
3655
3455
-1342
-7444
5973
-4853
-6277
-674
5722
7405
-989
650
2657
3783
-7500
935
-3885
1222
7752
5920
3009
2231
6674
-1895
7308
3137
6739
7494
3941
6516
-6382
1734
-6294
541
7162
-3426
6125
-1075
-44
7207
2553
3867
4496
-7452
-5773
-7507
4930
-5358
1631
4333
-7076
172
7546
7576
5292
6327
3646
-3663
-3808
-2941
-5971
1960
-5541
-7688
-3795
1161
-2415
633
-4779
3613
-4803
-6514
-1834
-7672
2222
-7620
1759
2385
1612
-308
2003
5551
6829
2685
7489
5437
-737
-622
-7484
4221
3883
-6516
-2751
6540
1636
-824
-1426
-5733
5585
5024
2483
-2185
-5203
-4311
7659
-772
-3210
-3248
-7195
4193
2331
-1836
7236
-6099
2574
1911
-5713
697
6151
-2745
1035
-1254
-1449
-2779
-3111
1957
-3270
-264
238
-4871
-2048
3048
3853
2400
4791
7447
-6802
4060
6569
-1616
667
289
-2672
-6746
7495
-7260
529
2453
-6492
7271
4386
2259
-4500
728
2303
-3664
7143
-4548
3550
-5558
1257
-6388
-7021
-6702
-714
5274
-514
5679
-965
-6388
-807
6669
-1736
5242
4815
-2415
-5088
3547
-3829
-521
4137
-1740
6678
1078
7261
-4250
-7164
5910
3930
2067
-2784
7548
5236
4629
5869
7571
5887
-985
-405
3539
-1570
-5167
7471
1229
2440
-7280
5988
-7778
509
-434
7158
4716
-34
5899
4334
-2717
-558
2645
995
327
3125
-6766
-577
-6880
-5007
-4497
-655
549
-4648
3993
-3305
-751
6383
-7638
-6487
-6138
-5545
2852
-2505
-2190
-4314
2871
-1148
2731
548
7545
-1517
2593
-4416
-3782
-3889
-3150
-2094
4469
-6032
-4583
-2991
-6747
-4959
-5226
7500
6748
3846
5139
-1384
3235
22
1459
-6349
-7168
306
6000
-7712
-2467
-3258
1243
-208
-4193
-4556
2994
2445
3188
7148
5969
4352
-7205
-3875
-1272
5304
-7027
-2869
6191
-3702
6325
2612
3582
5004
-5142
2744
-6495
-1479
5165
1178
4504
-94
6124
2724
110
-5621
-6778
-4903
1020
-1280
-4259
1277
-5367
5640
3448
3988
-2570
2135
5881
-799
-7260
669
-3298
5798
5716
1025
-958
7384
2017
6986
-7709
-3985
-6280
478
-1479
-4318
-7159
1979
-6090
6093
-5652
1815
1164
3944
6178
54
4614
-2700
4312
-3779
2484
-7742
-1583
-311
5984
-4690
-316
6824
-6598
-6959
-5016
3574
-6956
7719
-6727
5302
-4082
7199
6943
-3920
-4372
-2364
-1234
-2076
-4180
-3043
-4314
-6417
-5531
-4013
5658
-3328
848
-2894
-7548
-2199
3330
817
-3216
4539
1865
7296
4222
2240
-1557
-6036
-1498
-4030
5120
-1498
6390
6227
-3822
-3647
1596
337
-1539
4456
4139
6452
-3824
-7615
-6138
2655
-3599
-4101
-7512
-2781
-1702
3003
-7297
3748
6011
5113
5422
-5625
-6433
-3781
-3916
-1494
-3239
868
1882
7285
-7383
-71
-2065
135
4488
2606
4909
-1524
983
-6924
-3844
5396
-656
-3625
-5980
7056
7141
552
5626
6524
3639
-7281
2690
-942
7094
-227
-3711
-7381
6232
-7443
3664
7579
6341
7622
6289
-5256
2245
-4988
5434
-5269
-5464
6419
1926
-4885
-3766
-7537
3086
7061
-5308
-1025
1417
1873
-4472
-6023
-2635
4002
6553
7437
1739
-1929
-7787
-3357
5742
844
267
-2050
3863
7531
-7496
-6856
2656
-2810
-6059
4109
1975
-1059
-4245
4428
-3839
810
-171
6780
-7439
-5384
3356
3818
-944
2955
5330
4728
6547
-1099
4600
-187
-3657
-4639
-3824
757
-7162
5310
735
641
-1766
4158
1356
706
-322
1197
-6787
-7085
376
7810
503
6396
-5827
-6110
7027
4542
-1381
6035
3693
4692
2147
-6229
-4108
-3462
-1929
-3519
-1658
6780
5379
-6661
-6168
-1728
-659
-6863
1184
-4243
6060
-2808
-3644
5504
6328
311
-6541
1443
4514
-677
5365
7078
1203
-4225
-2616
-5237
3308
-1525
441
-5273
6952
-4138
-6703
-7013
-308
3786
-193
-4349
-4095
1230
-1327
5612
-4502
3502
1108
4852
6177
-6698
2094
5100
-3387
7151
4275
-1997
7152
4046
-6936
1521
6410
-4799
-3093
-5367
-7769
3359
5669
2401
1279
-1471
-6755
7280
1301
2014
-5113
1172
-5344
-2130
934
6827
-2641
6661
-6854
7538
-3081
2036
65
-3095
5929
-6979
6676
-5326
7785
7661
4160
2157
101
4557
4732
5882
-5984
-923
7529
5012
-6048
-6431
-2505
6896
-2988
5302
-1654
1720
-3280
6651
4237
-6399
-4100
-4832
-6645
-5563
-5370
5931
-3567
-4226
-2679
-5718
4178
-3983
7191
6999
-3332
69
6524
-766
3164
5392
-3450
-6943
-7080
3849
1812
-1191
4986
-3614
5820
-2060
7541
-6294
-1738
-1812
-6991
-1544
2799
1973
-7127
-366
2141
868
-5967
-162
6399
-7184
-2860
-2398
7015
1429
-6591
4949
1493
-6567
1341
7656
4561
420
-5876
-7551
-3845
-5558
-4378
-3882
3841
-3979
-2387
-1023
2460
-2862
546
5834
-461
1761
-2395
2963
-5913
-5615
7410
7447
-5384
-7071
-6834
-4052
1991
-6523
1521
-4392
661
-3914
-1529
5563
-4541
-2957
599
-3107
242
2921
4732
460
-3009
-5074
790
1424
-3676
6561
6744
-5382
6500
-946
1913
1550
-4303
-685
4187
1445
3987
6255
479
292
5749
-7067
-1755
4910
-4444
-1181
-962
611
-7372
3102
-1209
-4318
-4820
-6483
-6252
-4190
980
-2277
-1843
-358
-4278
3758
-3092
-3803
-4839
4754
2339
2378
-6358
3095
-6208
5142
1541
3732
-6220
-3134
815
-7664
2264
6690
-675
7656
2501
-3262
6679
-7710
1991
-1666
3874
-2172
7777
2046
3975
-6029
-7775
7296
2210
-5864
466
5610
-963
266
1772
5262
4059
-5419
6460
6559
-1194
49
4881
-4285
4725
1308
-2618
5468
1785
-6016
-7264
1921
6685
5481
8
-4880
-4504
353
4764
-7574
-5008
6850
1115
4961
3520
7759
-3038
-2085
2969
2883
2183
-7486
-4042
-4069
2200
-1007
-2897
4983
3993
-6002
4558
-886
-3734
2304
7331
-4236
-814
2872
4282
-6142
-7621
-7233
-4388
1708
-1720
7550
-6443
3748
3018
6448
6121
5566
1115
7174
-1984
-5924
-4837
2194
3911
-5739
-503
-3134
-7017
5970
1065
-3169
-3318
2492
760
3003
1745
6207
-5060
5493
-2192
-2667
-1436
-7140
5731
3408
80
-3429
5851
7623
-1947
5935
-6452
-6621
5886
6277
891
7092
-91
1331
2974
288
-5341
-2603
-1117
-6910
-1149
1131
1069
3106
4737
2775
6848
-1368
-368
342
2569
648
-474
6899
3516
2245
-4988
-3650
455
2845
4956
6020
-5945
-5722
5039
872
-4551
6222
-3145
-4240
3597
1275
281
-7006
-7051
-2203
6280
-4947
991
6039
-6063
4935
-3894
7190
7107
3953
6926
-7275
4522
4998
6045
404
3268
3821
189
7738
-1802
-1373
4522
-2358
-4119
-169
-4886
-2921
-4745
-217
5087
4769
44
1841
-5189
-4012
-7438
3669
5798
-5106
7789
3291
4799
-6969
6572
5910
6295
6267
-252
-3572
-804
1899
-2456
5293
5894
4341
-7660
-5371
5466
-2231
-1019
-6597
-1401
2745
1259
-4721
4058
-1833
-1649
-814
-133
1710
7477
-6314
6736
4072
-5557
3570
5919
2838
4976
-2342
6714
7285
2489
3229
5923
-5520
-2089
1524
695
-4384
2277
-6901
7644
2127
-7227
-3990
-4970
-1146
3878
2911
-4505
5531
5148
1958
5653
3552
955
-5070
2790
7490
-1115
-3234
-3802
6583
5653
3272
5485
-16
5810
3212
4446
3718
-4260
-4935
4951
4284
-7620
-1645
5784
4986
-4660
7684
-3161
-3125
-5818
-2741
-7472
-4536
-6939
3980
-3256
-2878
4084
-5579
3472
2433
7696
5415
-2587
-7613
4488
2085
5826
-5531
1115
3781
4009
-4955
6969
4291
6012
-268
5199
195
1854
-5330
-2649
4087
-2139
5375
-3576
3447
-6023
6332
-7386
3206
2077
-6094
6050
-4454
-4366
2018
-3699
-4820
-363
4798
6663
-7279
-6214
5219
-2802
-3575
6603
2278
5708
2664
-3094
-4856
5929
4801
6675
3687
-1360
1646
-4725
-4083
6161
-4200
-4460
1678
4343
7252
6171
3611
3273
-3660
-2630
-4124
5300
-7318
4115
-6283
-3033
5484
-2919
3480
-4300
922
-6590
-5899
2131
-4987
6328
333
-3611
2396
-4152
-3221
5064
4545
-1353
1115
-4329
2214
6804
6859
-4027
-1095
578
3190
-2565
-2220
6024
5087
955
-1182
4837
3260
-4298
1472
-5654
3966
-5839
-2289
-3395
469
141
-1693
2007
1814
4054
3060
-1635
-2045
4720
-4696
-4587
-1437
317
4049
4727
1988
-6324
-242
-6076
-2564
37
5461
2172
-7726
925
5199
-3567
5662
-2618
-5740
7512
674
6432
-2890
-7492
-1930
2423
5175
2637
-6676
1559
-2191
-6049
6638
4121
-2309
-5504
-5323
-4443
3352
1629
-5096
7514
-5989
-6797
7138
3385
1699
4653
3231
-2865
2930
3872
-6090
1514
4888
1853
378
-3417
-4386
-6739
6409
4233
3113
-4992
2808
-4617
3318
-4498
-4407
5315
-1805
60
-3121
-783
2729
5162
-3506
7399
-6072
2640
-4072
-2378
3905
3437
3038
2924
-6431
2069
-2559
-2473
-4804
6744
6878
-1327
-4501
-2633
-3140
1703
-5868
2706
-4669
-6044
838
5568
2138
4145
-2762
-631
6006
3352
-1699
-6186
1704
1611
1913
-6469
-1933
-5479
3231
6195
7094
6082
-2876
5718
5546
-1910
3510
-3682
-7463
-2484
-1583
7020
-1299
-1494
1786
2603
2609
6369
746
38
-921
5570
859
-7040
5452
3349
7763
3768
-1920
2720
-4285
-4589
7424
-469
3702
-4706
-4963
6109
-2788
-4595
1841
-1259
4389
1636
-7728
-7668
2557
-7622
-7652
5816
5687
7444
-4812
-7204
5606
6334
7525
6018
-4125
4924
4758
-1401
3901
-4509
-4736
-5013
-3461
-2647
-771
-6696
376
5848
3939
5369
-4468
-930
-6681
-152
1685
-2084
2503
-6207
5587
4804
3767
-2149
-757
-3224
-797
-888
2982
5250
6363
3044
3355
-7517
-5171
-1848
-5693
5260
1931
-3115
4352
-3010
-1317
3289
-5122
7099
1474
268
-6280
7397
6729
807
-7807
-2623
-6995
6036
3827
666
-5375
3322
-3756
7163
-6983
1113
3340
383
-776
1636
-1310
-4350
5425
4602
-2831
-3266
3723
3986
-260
-1382
-3571
6476
1893
1210
-1475
-5662
5455
3210
928
-2619
3642
4048
3877
-2722
-2317
2500
-233
-4886
-6649
103
-5012
4218
-2947
1554
1471
7078
243
-161
-316
1388
-3374
7133
4953
-6493
1552
-1984
-7691
-4709
4910
5021
-2006
-7652
5772
3411
968
-5448
-53
6478
279
-5503
-6862
3409
6310
-5742
-1036
-6848
-4868
-481
-1457
-2629
-2048
-849
1965
-6418
-4370
-7296
-7585
-4029
5100
1120
-5552
1007
3468
5250
-3938
-379
1911
-910
6796
-3169
-240
-271
3428
5181
-7532
6983
6377
-2941
-325
3654
-7235
-752
-4400
2747
-7294
-5822
939
5012
1906
-3396
-2183
4825
-1152
6483
4643
-5508
543
-4134
6335
-7510
-4909
6339
6835
770
5538
5017
-6826
977
3983
-7046
-906
-7595
325
-6428
-4964
-6193
4830
-5312
7505
-2973
-5576
6052
4448
-3986
-4143
7016
-2802
-6689
-4205
-4108
-26
-5128
114
-2578
-7172
1930
1536
-5018
-19
108
5976
5960
-3366
2034
2716
-2807
-6345
10
5416
5793
3915
-236
7236
3060
6621
5285
296
5327
-3406
6993
2176
-3600
1699
-6435
6317
4784
5351
-3153
6091
6735
-345
2895
-2768
-3978
6581
-692
-224
-6300
-2121
7540
3389
2017
7335
5594
-2350
-6879
-5510
7062
-4350
-7003
-3285
-5810
1441
-1975
-7536
6544
2734
7543
148
6251
6732
-1102
7234
-2693
-3814
3154
3415
-6717
-3822
6332
-928
-7164
-2609
4142
-1658
477
-4879
6703
-227
-1931
-2589
-1431
-5491
4003
6008
-6627
870
-1911
-5353
-455
1661
3315
4988
-764
6880
2406
2047
-2675
-7355
3891
1881
-7375
-4547
-4968
-2613
3646
5666
1975
7139
6476
3312
7309
2122
-5179
-7381
4780
7257
-6242
2988
1955
-6650
2383
2081
-4959
-1204
4480
2874
2930
2346
-6934
-6372
3970
6297
2126
1182
-1150
1693
36
-1687
7505
5646
-5963
-4484
1819
-2435
-4496
-6956
2681
6106
3113
-6270
5722
-7663
-4329
3895
-7536
120
5582
6321
-3531
-708
2803
-1397
2003
4595
4013
-3391
-2146
-2075
-7563
-6428
4045
5128
5803
7146
163
-2265
2190
-4505
386
-7747
-4919
6538
7731
4684
-7260
-666
2779
-126
1171
-1393
-732
-3316
-99
2006
-6352
4662
-2905
-47
3762
-3695
-4673
-5998
4118
4966
-6127
3533
3111
4225
-904
-304
-4428
6879
-6330
-4068
-4252
986
3293
-5123
3098
4219
3330
-425
-7048
3148
-4928
3766
6627
-3095
2629
-6995
-139
3278
920
-690
-6659
-4633
-6086
1524
-6210
7064
-5796
4947
-2905
4845
5118
-1823
-2814
57
6943
4466
-5777
801
3502
103
7555
7664
-4565
1739
4946
-700
5799
-2026
-6512
-3995
5406
-4193
5569
552
-4356
-2761
7754
2271
-5675
-7243
-3784
6748
3092
-3888
-3820
-3605
-5152
-1208
-918
-2650
3581
1934
-3206
4421
3574
4246
1373
3471
-4556
-3395
1418
3157
91
3896
3500
2
5927
4830
-7684
696
-3139
1056
148
2483
-266
-2542
2475
-5502
-6114
3596
-999
-2987
2413
-6388
891
3575
-3522
3671
1666
-1352
-5988
-445
-7302
-1490
-5630
4289
7578
3996
-4216
-7461
-1867
-2385
-7706
2460
-1778
7458
1620
-1090
-5098
-4520
-2982
-923
1233
-2758
3023
1378
3057
7219
2117
-2148
1046
4115
5325
6385
-5831
4406
-5663
-7100
-7433
-5948
-2656
5664
7765
-1498
-1796
3953
-1384
1173
7001
-2971
2717
372
-2697
-1245
-2747
-789
-322
7268
-1989
2370
4138
-4307
-5509
6970
1849
4066
-3057
-5085
908
-7401
-7128
-2508
-3326
-1642
2436
4457
3418
-5706
-3703
6075
3520
-4946
4145
6339
-3196
1460
-7407
-2698
-2104
4027
-2944
3440
6729
6853
6580
-6915
-2047
383
-1412
6135
-5371
839
3688
5194
-6486
6350
-2226
-6995
6209
484
-4994
-6390
5129
4751
722
-1508
5700
-4471
5768
5427
-1680
-493
3373
7633
-1638
-6955
2734
4690
7158
-2923
-4020
-6840
3075
-3567
4143
4854
-2038
1358
-1344
-7136
1381
-1128
-1415
909
-4976
-7735
7017
-5196
417
-7464
7297
-5121
1760
509
84
3663
3218
5991
-2868
1301
-1966
2396
2238
6100
5015
-809
-2393
-4276
-5290
-4872
7012
7777
1945
-3897
7507
2070
1333
-2079
1621
-6897
5498
-6836
3496
4161
697
-6929
-5036
-1665
-6294
-1235
2418
943
1909
-1963
1265
5747
-3199
4670
795
-4799
-3302
-7072
-2913
2646
-4599
-654
-7032
1160
1101
-7083
4007
-4142
-6931
-4825
-1731
-2260
-6842
-5736
6346
-1839
-1360
-2211
-7652
-2605
-561
-7225
-3203
-2005
3541
6437
-663
1213
-4193
-4894
-3330
-2363
-757
-6225
7090
-6717
-433
6882
-631
167
-2873
-3024
3402
-849
-818
-4012
-57
2461
-2943
-6362
666
5341
-1418
7725
7507
1045
-888
-7427
-1286
1489
-688
3910
958
-444
-1270
-2817
-6201
-6980
5877
5866
373
3361
-5228
5655
1292
-6870
4417
-3433
817
-1360
-4358
5708
-1005
7483
4162
6458
-6290
-6890
4024
-4419
-1217
-2487
321
5985
372
-3815
6683
-4338
-4581
-1663
2118
-2257
-1664
-1385
2147
-6098
-6482
5830
-65
-6812
839
-6466
161
1251
5527
-6190
-3583
-2581
948
-1093
-2156
-2021
1748
2725
-6314
5264
6628
-1725
3659
6369
-2196
134
1865
7545
32
-4849
-7595
-1905
-2827
2536
6981
-429
5216
3566
-5673
-2273
-3209
-5780
-536
2147
-7238
455
-5225
3266
5899
7401
5901
7665
-4197
-2018
234
-4235
-2317
5097
-7297
-7270
-6961
6979
-3251
6886
-3020
-1092
423
-7529
2002
-4568
-4666
1816
1171
6366
-4255
-220
5917
-5926
7756
6871
-4611
5049
-2330
-3080
6063
723
458
-3156
5891
6800
-6351
-3316
4984
3774
-1261
-7798
3760
4471
3932
-3099
3959
-201
3312
-7252
7498
-3390
-5582
1937
-1460
-1313
6827
-3485
1848
7314
7487
5141
-7083
-990
-4358
-552
6080
5038
4281
4808
7379
-2497
-5564
-1766
6604
-4884
-3105
1093
5033
5564
-1835
5619
-7199
-7257
-136
1399
4069
123
-5640
-3986
-7768
-7504
-2583
221
4023
-778
-6158
741
-3148
609
-4441
4697
-1425
-756
4317
3966
382
-6308
-7229
7662
-6832
110
-309
3477
2610
3336
-6052
1566
-2992
4567
-4446
4562
-7462
-7405
-7024
-3646
5770
-7567
-5046
-5948
4819
2763
-5656
-3933
-7040
-3367
7427
-2154
2890
1953
-7570
-2351
-3362
437
1481
7459
5495
-2522
143
3548
5673
4606
-3134
-6892
7275
-7326
2270
6133
4453
-3019
-1312
-1270
4325
-3158
2146
223
2570
-5325
2538
4290
7790
-3088
5224
1513
-4826
5991
-7318
6363
-7141
7444
-634
3411
6919
3727
-1976
5208
-6252
-3734
1789
-80
3884
4986
5236
1491
-4269
-4219
7193
5843
-2389
-7644
6332
-5014
-2970
-2146
-7682
-7799
-4770
-3634
-5994
-730
6913
1417
4487
-864
3415
3660
-5284
-5125
-7413
-4149
4326
5781
-3857
-7743
1893
2034
-7132
-1256
4837
-6685
-1840
7596
-6465
-4632
7738
-3629
6526
939
-3046
-2100
6455
7057
4530
-4766
6606
-3036
-31
-2042
7787
1265
682
165
-7256
-3165
-5609
6921
-3765
6309
-2138
4967
-7621
-1111
1592
-403
-7019
-4816
5728
5332
-4047
468
3738
4606
-5358
5745
1488
-6838
-5728
-4818
1069
5212
1897
548
-1352
4394
2374
-6739
1729
2384
-2573
2005
-6616
-7047
-3308
-2594
-6832
-7631
-3670
632
1326
-4293
3921
-2384
-6056
6809
7356
5060
5297
-5928
-4819
-4272
-3561
-3018
-4666
6638
7045
-7541
-72
-2179
3600
-3346
7491
-3787
-2992
5332
-7404
-6152
-749
-3349
-880
-3759
468
-7077
-5677
-5338
-6295
4935
-4610
-6822
-6957
981
4230
-2072
-1358
4630
5514
-7296
6817
-879
-6220
-1194
6440
-3478
7686
-2345
4564
513
-2704
3111
-905
-7127
-1906
-1246
1499
7211
4713
1515
1545
-3415
7165
2469
5638
3015
6166
1713
-6829
-4527
-3933
-1877
-2972
-2197
2043
-6159
5834
-68
6836
4099
-6228
-2105
-4083
6547
-7771
6465
-5724
-2092
835
4866
2689
-4979
583
6812
707
-5986
1171
4581
-3532
1256
-3892
807
-7360
172
-2175
-7030
-406
-4915
-367
-7799
-5315
-1836
-7585
1589
-1407
-7502
-1712
-522
6968
-4816
1511
-2725
132
-5998
7381
7717
5024
-4119
1062
6481
550
-6071
5996
-3696
95
-731
7599
-1860
1503
2387
-6010
821
-1783
-7409
-3862
-7114
2164
-3328
-6188
-453
-3976
2647
419
-1361
-6618
2822
2797
-5366
2
-4656
-6030
6758
3472
3511
-5045
-5461
-2516
3436
1670
1642
-7624
7527
7764
6497
-6323
-7172
3043
6193
7280
-3224
-586
-3905
1673
-328
-6896
419
144
-4982
1778
-231
1885
-6746
1967
2528
3946
-3947
6031
5744
3168
6698
4531
-753
4189
402
-3854
-1360
3835
5163
-6690
-2038
5546
808
4979
-701
-3481
-3953
-6305
4471
1098
-4966
5604
-5803
4425
-7266
2693
-7278
-1711
-3642
-6677
473
-5233
1431
-6274
-3700
-981
-2309
133
5428
-1552
908
-7240
-1564
4263
-3348
6160
2846
1741
-5699
7499
4956
5511
-2056
4499
-5125
-7747
-3289
-5876
-4309
-6620
7288
-3676
-4097
3008
6526
-6586
3613
-322
-7469
1487
-2938
-3031
-5888
-7342
2993
6456
6217
-2093
-6454
3352
2453
5535
-7021
-5561
-4682
-5481
-3246
-2567
6879
-1582
7621
-7022
2988
-5834
2466
552
-3851
-3242
-7282
7737
-6707
-4826
1223
3375
-5039
-6101
4581
-5449
-6742
3911
-5915
6122
-975
-6093
-7324
1087
-1526
5787
-4589
6729
1172
-1954
3860
-1739
5513
-3305
-3678
2148
4679
4629
3513
3359
5895
1855
5243
-1868
-891
5746
2345
7809
-2139
2902
7708
-6535
1133
-4160
4540
-1732
-1580
-2431
-2062
-4543
3953
5289
-7384
-1406
5595
-7688
-2353
-1967
-6992
-6998
1026
-3977
3549
2056
2634
4885
1784
6353
6073
5286
-6023
-26
-1984
6199
-6683
-4736
1645
-6790
-2096
-5355
910
-7244
4489
-546
3808
4957
-40
2989
4235
-512
5796
6173
5898
-4291
-3263
-2457
-3384
7213
-7052
6816
134
-2285
-4882
7252
-454
148
-4515
-908
-6021
2462
4945
2134
-5697
-4080
5224
-85
-4843
-1479
-4630
-7150
4540
-1612
4146
3243
-7433
1053
-6513
-4486
-6679
3888
-2923
955
992
4956
-5513
-2811
-4321
6038
-7144
-6653
616
314
-3887
-2563
1136
1911
-4404
-6503
190
-2099
-5407
3167
2214
3993
1808
-4507
6810
4165
2579
-6602
5151
-6888
-7310
-1566
-2592
-2793
667
-4928
-6922
-7169
-5669
6167
2733
687
222
1216
3642
-7533
6897
-609
4458
-3975
-3205
-5973
3867
-3217
-2146
39
1335
-7288
-492
1808
5447
2401
7637
-2569
4886
1182
4826
2883
-5726
877
4279
2767
-6412
5686
-2248
-5702
-1767
3706
-4112
6899
3485
-5272
-1168
7258
6571
7581
5351
2887
2957
6991
-2032
1707
2162
567
1449
-3730
5334
-5130
-765
-4479
-5200
-4814
2635
-7630
3732
2598
4708
438
-2994
-1626
-5853
-7484
-236
-3694
4763
5781
6922
-1162
4403
4555
3769
-5708
4401
-1148
723
-1782
-6138
-2074
2289
-1975
646
4904
3503
3151
-1365
-6631
6192
-2316
-5907
958
5575
6101
-1599
-6129
5911
1447
-2497
-3843
6054
582
-7000
3865
1793
1305
5694
-4156
-4723
5482
-3951
1601
7281
-3
-335
7227
4662
-3527
4242
-3743
-6436
3863
7457
-6071
-1686
4997
-4230
6395
-6012
4494
1427
2452
-3933
1047
7513
7046
-7342
-5294
366
-2126
-7207
2765
-366
3857
7618
4832
-5198
-416
2550
-7663
6466
-3519
-2624
-6467
3879
-6813
2884
2978
-5782
-5593
326
-4160
-2264
2202
2854
2274
-4402
1563
2163
7452
3607
-7209
7315
2552
-3913
589
-5892
439
4086
-2430
2602
-6581
-3283
1979
5429
-3294
6410
3758
674
-6587
4331
-2544
-2350
2776
2386
-4089
5947
-6533
7208
-5725
1041
-1256
-6865
2430
1251
3119
-5703
6947
-3839
5431
4042
1858
6766
5141
-7590
-3700
3915
-2559
-7643
775
-4629
-4956
6366
-1106
-4214
7462
6441
4516
-4175
-592
3709
5653
-6266
-6738
5220
-2860
-1076
-7803
-6836
-1370
1866
411
2288
4752
-4403
-4667
-7356
-2339
3967
4381
2480
6511
-3028
4367
-767
821
-7246
6637
3251
4640
2882
7309
6724
-4693
2645
-1618
-6066
-6162
-1637
-958
1080
2088
2083
-7759
5893
1099
1029
-4113
241
6546
2366
2437
-3019
-3660
2410
6142
-4368
6021
-1429
-3624
-4309
6388
2772
-6869
-1242
5068
-7120
-6773
837
6317
7035
3098
2051
7506
728
-435
4125
-5393
-3885
2121
-722
822
1778
-2269
6256
6830
4359
-2313
-4791
4849
-477
-674
-6698
3575
-1841
-5199
577
3240
-874
-48
-4638
-2905
-1851
6085
5804
2105
-7697
-2612
2279
6414
2470
-6955
-6627
6983
5495
2696
7001
-6114
1907
-6312
783
6856
7320
618
-4558
6928
4073
2864
4386
-7467
-5781
219
-2235
615
5415
5899
4899
-6441
-1792
-380
-6384
-5995
671
-5269
1258
-3048
-6614
-7370
-4322
-6101
-2891
-910
-3688
-3352
5601
-583
-3227
-3149
6788
-2143
1971
2079
1432
5359
7024
-2561
3839
3625
3683
-698
-3422
-6862
-3685
-1650
5580
5216
-1244
1969
-5075
-2648
6158
-6334
7476
-1473
1858
-6550
-1240
5762
7702
-591
-289
-5131
3790
-193
3083
3277
-4004
-143
-1288
1630
-899
923
5592
7439
-865
-2680
-1924
-3379
-4817
-4834
7567
-6708
-4490
-791
2487
-7219
509
-5938
-36
5727
-6964
-2798
-854
-3738
5937
-5453
-4918
1768
-920
5631
4527
-2456
-1930
1614
-243
-5323
-7586
1755
4492
5750
3126
-4869
6590
-2056
-5096
7692
-1636
428
-153
-1237
7474
2774
-2168
-6646
-5688
-252
2912
7028
-298
6102
-712
-57
7627
-6546
4353
-4750
-2539
-5365
-4041
-5407
2250
1574
4523
-6751
-1165
-4731
-4645
-7682
-2634
-533
1711
-5427
-1416
5109
3762
3917
1350
-2276
7286
-6607
1217
-655
-1850
-4189
6706
-2913
-2870
-896
-7522
-2189
1929
-7404
-3836
-1224
-7237
6246
-1904
-5192
-6752
-4234
144
-3800
-396
1853
1414
7413
-308
-3945
6540
154
-7518
-2088
3370
-3411
1429
-7592
4157
-2554
-6271
3364
-6351
5127
1428
-7051
-4070
4174
-1586
1676
-4160
4629
-216
-4743
781
-3264
6155
3356
6633
4571
1300
-3121
-1979
4611
-5784
-3895
-3590
713
4596
894
4922
4870
-3898
3358
1407
-514
-2960
4046
1258
-42
-4432
-172
2070
5794
-4831
5420
2656
-2476
6475
3582
-4381
2650
-6739
4881
-2484
-5176
658
-6918
3220
-7660
7487
-5030
2359
-1953
-6240
-1289
-653
3259
-4675
-4278
66
6289
-2830
-5270
-939
5816
-6536
1853
5671
2277
1650
4850
7304
-3913
6697
7608
-4957
971
1917
2483
-4628
-215
-7780
514
3285
4383
2080
-2091
4594
-2911
-4793
-3931
-6009
7356
6420
1246
2582
16
337
-3150
-5588
4112
-1397
7305
4897
-6648
-35
523
2040
6581
-3339
3800
-1879
-6006
1783
-7643
1344
-4454
3825
-4299
5069
7229
4511
-3343
3944
-5650
-4963
6544
-4473
4306
733
7610
6751
4832
6229
-1113
3030
1316
-51
-5910
-5682
4097
-3334
-6058
-4713
3212
-1506
-2393
3600
521
5528
2950
7386
-6351
6593
1812
-5863
-5353
-5314
2077
-2545
2936
2318
-3317
3264
3770
-5567
-129
-5696
4706
2840
5894
-2750
-3147
5328
2677
6791
-2112
4915
-5190
6191
-1692
-4845
2767
-1986
3553
-2167
6312
4020
5795
-517
2915
4956
-7422
549
-4271
1952
-5614
-6580
7139
-3686
-5746
-1815
3058
-684
3074
7268
1329
4531
-3066
-1755
7020
3039
1227
518
3766
2546
1112
897
1992
5152
-1103
1601
-5531
1782
2305
-7690
7734
-3327
-5068
-4042
5102
5527
-1885
4524
-2591
2062
3760
-5649
-6975
5273
6062
-1243
-4321
45
-4182
6828
-6309
-1646
-1190
-4015
-2080
326
3450
-1434
-1097
4304
-6338
126
101
-6445
2595
4048
-1970
1491
-2408
-6708
-3529
-646
6868
-809
5143
4298
4165
455
-4907
-4328
4991
-7525
-4658
-806
-2806
6981
5820
-5757
4307
-4706
-5285
1317
-4895
3976
-1650
-6506
-5036
-56
-4948
63
-4623
1530
-7571
354
502
4193
437
-6262
7802
2907
5868
-4548
-7227
-177
4880
7615
4153
5629
-5626
-5472
-4411
-4268
-45
4762
6290
-7037
3034
4776
245
-5661
-4777
-5815
-7553
-5291
-4691
-5756
7502
-3040
-2483
7581
913
-5429
-4667
707
2606
1498
-2239
-1546
7348
5908
2273
7370
-968
-7029
-1387
5506
-3252
5480
6257
3897
5095
-5302
-2077
-5554
-4230
3162
162
-6239
4321
-2184
-6400
-2388
2085
2090
4141
-1064
598
-2233
-6174
4049
449
1094
-7506
5315
6282
-6342
2858
6966
-3567
3977
-3216
6869
5020
1594
-6402
1840
1915
-2497
4310
4516
-5292
1738
3579
5534
4407
1055
-3286
-7021
4243
-970
7240
-7685
2210
5518
-3805
268
-4451
-7073
-3612
30
-5539
6308
2938
-6019
2541
-5114
4122
2780
5993
-3920
178
2915
-2485
301
-6283
5783
6306
4241
-3886
3716
2665
1451
-6944
5036
5977
7475
-6241
-5653
-7482
4776
3903
-5851
-6500
-6973
4366
-4166
7135
-3057
1313
-7747
-6521
5490
3290
-7287
7653
-1477
-6667
1508
-6229
4759
736
-3286
2871
-2332
2422
-7498
-1236
-95
5384
-5009
-7331
7718
1329
546
5502
1664
432
4830
1737
-5473
-5080
-3834
6718
-7367
2072
-4627
-1223
1806
-5691
-3280
-6154
-1039
-4889
6946
-4841
5000
1148
6277
-1479
353
6223
286
1481
-1662
1951
-1273
6101
-1024
7215
7344
591
185
10
-3598
-5760
-5261
-3074
442
6573
-5801
3476
4794
5379
7630
-2455
-293
6827
-3742
-5276
-1952
-7812
7289
-5757
7637
-887
-290
566
7633
6259
-3634
-3601
5057
6229
950
4780
-6675
3594
-3193
7231
3338
-6554
6762
5375
-6877
4525
7381
2230
2403
-5385
2054
-2789
2163
5050
-1944
83
-3635
-4322
-6367
-3262
-2472
-6108
1148
2161
-2350
-5509
-2359
6073
-7642
7203
-5514
2077
2237
3312
3459
7332
3489
-848
-4922
-6533
-4300
7471
5569
-148
2963
7182
6857
7431
5141
5667
5271
-217
7799
-7753
4481
-2953
2777
3808
-7009
4719
-2412
6455
4040
-4221
-79
-7575
1731
6420
2388
-7465
-5640
6046
-2921
4037
6541
-6365
4186
-5081
-1850
-5395
3600
-6962
6597
2736
4320
1070
-3401
-6328
7525
-6577
-574
3969
-1748
-3707
21
7596
-6337
-1298
1954
3059
-7107
5216
-1845
3103
2673
2066
-4954
-7299
-4646
6509
7303
7748
1349
6865
-2285
4702
6190
-2613
2519
60
-7556
2656
-2948
5308
-4782
5358
6149
-1001
470
5337
-4846
7593
-3723
2061
3767
-1849
-4160
6060
4593
1635
-7562
7464
4129
-7797
6728
3071
-3388
-6656
-1
3213
-785
2701
-2713
-2299
-6516
3668
-4848
940
-410
-691
749
3028
7351
-1638
5125
-7273
1713
2585
3648
-1161
3639
-7764
-5818
470
188
5316
-2655
7785
1326
-7191
-7183
353
891
-1194
-4049
-7515
4757
-4347
-1
3634
-7130
7056
4342
-3847
-7570
2788
4334
-3704
-5259
-5894
-6531
-7053
-1223
4359
-4677
1837
-3668
-5118
-636
-3606
-5022
-6519
2098
-5017
-886
-4168
374
4004
-3813
-7643
1805
1415
-665
1300
-2472
-3948
-2280
7639
-3186
3587
3083
2105
-3801
-6868
6706
-7401
3212
-5935
5712
7073
2082
2958
3468
-4916
4979
-7358
-195
-1398
404
-4798
-755
1678
6299
1226
4618
-3488
-808
-2870
4509
7706
799
5399
4564
221
4910
-5839
6445
6991
1980
6877
-5807
751
-2516
-4068
6214
388
-1379
7802
1890
1916
-6100
7176
-3822
-5526
4976
2905
-1021
-775
7419
-7163
-3191
5274
2744
-6971
3778
6053
6694
1528
3840
-6265
3691
-226
7777
-7811
4463
2217
-4479
-3918
3517
-2064
4554
3209
607
251
7809
-5960
-1359
4232
-6916
3844
-3332
5855
2417
-1977
2481
3964
-2885
3460
-65
-5848
-5997
-6728
2634
-4315
-5561
-7614
4992
-5892
4969
7477
6513
-7521
-487
7562
-2032
-418
449
-3378
-2887
-7303
-7706
-6223
-1421
4929
3725
-1579
-1107
-352
-1588
-5210
6375
-4663
762
1130
5332
-6895
1071
-5484
-2443
-7354
-2927
1672
-3490
5801
3109
-3185
-3822
4944
3644
4467
4190
5079
2343
4517
-3628
-753
3472
3619
5582
-2403
3435
-2710
-1525
5692
199
2788
-1664
1757
-6989
-5760
4677
-965
362
1888
-4023
3316
6732
4415
5880
-7176
5820
-2019
3323
-3330
3417
6169
-1680
6258
6868
-2
-250
5023
5743
527
-6836
2991
4120
7759
887
-4032
-5467
3346
-6975
5784
1320
-110
-1896
2672
1720
-243
4401
1347
1839
629
1833
6307
4638
-6633
1719
-7787
7123
-2445
-937
-1339
4526
-6090
-3459
7442
2807
-1960
3537
-7328
6876
-5538
4907
4504
6643
-3814
-1279
-7177
4270
3728
7757
-1530
-1912
7554
-199
-3346
-7043
-42
-5774
-2814
1490
2033
-4645
5059
-5175
-7480
-834
-3452
-70
-4721
-1914
679
3480
5581
624
-99
6383
-5753
-5483
-388
6019
1839
-1620
-2018
-3580
-6234
2717
5707
6021
-2112
1510
387
2859
303
-5091
-3100
-2503
-4571
-598
4101
-7018
-5716
-4791
-5019
-745
-7360
5749
6916
3015
-5066
-6835
2141
-2044
-2443
-1008
-2315
6337
-7043
6035
-7255
101
-5728
1964
3734
-5861
6655
-72
-2894
1161
6061
7222
2513
-4678
5951
-417
-4632
-6868
-6095
-7023
-4630
423
5472
5382
-1116
4751
-3011
-4265
-6346
-3395
3198
6003
-4824
1661
-1195
-144
-2091
454
-2282
7318
-960
5980
4862
-1846
7701
-1523
-2511
7505
2133
-5833
2874
-486
-5351
1754
6973
1133
-4179
-740
-6043
-6957
-4720
5888
-4071
4459
-6721
-2445
-3226
5290
4520
193
6143
3009
7731
-493
-7707
-546
1499
-7078
5556
6658
-1726
4584
-6613
-6082
-420
1991
-851
1177
6344
-2889
-199
5918
6680
-5772
5432
6512
822
-4662
6323
-1401
-1900
3975
-4860
-6741
7227
4594
4527
4317
7035
6719
-1938
-6210
2544
5854
924
2663
6542
7119
-2227
7535
-1881
5195
4372
-2656
-85
5030
541
-7751
6193
576
902
3909
-3230
1850
3386
3543
5198
5894
-2449
4716
-6713
-4003
-3892
-3438
-1681
1889
-3813
5250
416
-2446
1997
5247
-3803
7532
6346
-3287
-6215
-467
-5172
-7653
7266
-5459
-1254
-4043
-587
-7716
7342
-3105
6364
-4906
2265
-93
-699
-1577
-433
6848
-442
-873
4220
4094
-558
7359
7344
-5892
5218
-3164
-1777
3075
4021
7287
1060
6599
7495
-1013
2706
-374
-3241
4905
6728
1546
-2816
7658
-7433
578
-2293
4201
-4900
4789
1388
-6823
5394
1320
6585
-3057
4785
7524
-1705
-6661
-1830
3517
6888
-1750
5366
-2780
7650
6124
-3158
4965
-220
-6888
-4113
-3836
-5352
-6854
3225
-6923
1591
764
5387
2576
-2986
-7525
-6963
6752
6082
-6613
1711
7015
-7262
-588
-406
1926
3884
-1086
6703
-5999
-4330
-6095
-78
704
1366
-3728
5176
1505
3862
-6882
-4855
-5581
4202
7695
-3603
-4740
2488
7226
383
3073
1960
4067
2771
7352
-1234
3054
4174
-5070
-6505
-3813
3102
3524
1321
5968
2076
5660
-5858
1248
4798
1496
5997
-1675
-1101
-1257
-4493
1278
6286
-223
3747
-3441
-1964
220
1669
180
7355
6504
233
356
7801
-3847
3390
5096
-1816
-1040
2679
6549
-881
-7248
-4561
-4737
5908
-5889
7811
-5188
3670
-211
-104
-5417
3473
230
6523
-801
5565
-3007
2945
-2854
-5132
1229
339
3197
-2245
882
-3754
5800
3970
1820
1852
4910
7529
-662
2318
-3734
-1618
492
-1315
-6652
2552
3527
4603
-2097
3949
-4264
-294
6426
-344
-4177
4872
7167
-5804
6567
-5487
6068
6852
5279
2731
3892
-2346
-2096
6470
-7470
3733
5420
-5093
-4229
-4008
-6800
-6010
-2492
-1819
-830
2472
-4863
5109
-3340
7224
6056
-1025
-4393
7418
5153
7608
-4132
-2851
-907
-2394
-1291
-5175
-5476
-279
-2125
-1463
2777
-6678
-4844
5327
-3911
5152
-5343
7453
-129
-355
-4546
7113
-712
-3413
-7628
6432
-7051
6738
148
5607
-7419
-3044
1016
1159
-3645
6786
5701
2143
-5253
3269
6216
1081
3545
-7226
-4618
-5658
4227
1571
933
3771
-3288
-6261
-4155
4980
1449
-6564
1539
-2817
-548
-5062
-1478
4619
-3792
5280
-1213
-3945
6503
-5990
763
-1675
-3159
7622
-6640
-2994
-500
1178
2349
1247
-2660
-6111
-7356
-1002
5639
-679
5440
209
7641
-3187
-5236
7504
2602
-5335
1844
4372
3145
-1415
-686
-6517
-4843
6690
6035
-1998
2160
-7544
-2646
3999
158
4676
-5549
-6364
3654
6947
-539
-5411
-195
4280
7135
6853
-5644
3911
3930
5777
-5599
-4773
-3620
-4584
4131
-7023
3660
-7389
-1431
5258
6193
-7766
-7227
-2778
7068
-422
-7646
4595
6595
-1279
2988
-4834
6009
-6592
6285
1287
-5473
4466
284
1371
-7509
-1558
-1454
-1044
929
-7452
-2216
6512
1517
-6913
1413
-4499
-7298
-4272
-2514
-956
6890
-6058
6249
269
2867
966
4490
7659
-2538
3733
-442
-5694
4087
-4822
-6202
3779
5643
-5000
-6144
4437
-1226
698
-2480
-7587
2098
-6160
6971
-1392
-759
7564
3886
-1573
-703
-6074
4596
1493
3324
2431
-7480
546
-7176
494
-105
7630
-5639
3563
2212
-3086
-1999
-3416
-2726
-5151
-6539
-5684
4157
4732
-3640
4606
-6057
1528
-2200
596
5113
6053
-536
-3034
-1974
-2043
-2253
1438
-2552
3756
509
2095
3132
-5711
-4223
4914
-3749
-25
-967
3200
-508
1673
1077
2554
3551
-7000
-3069
6080
1545
5127
4840
-3868
-5896
6184
4242
2479
3481
2617
-3760
-462
2885
-93
2698
-355
5520
3139
-5504
6572
5049
-1199
5248
1292
1688
507
7295
-5994
820
-4132
1175
-4340
-6809
-3870
-5652
-4118
2412
-1201
-4403
5662
3814
3643
3211
-185
5513
6564
6257
-1503
1820
1712
-2872
-7420
6045
-1089
-1408
6879
-2593
-4365
4765
5108
4420
-3964
2170
3240
1550
5258
5197
6645
-3978
-2412
-317
5592
1715
4088
7124
344
-4419
3482
4784
-4866
-658
-4026
4156
-4733
-1032
-7044
-4121
-4603
6107
-6376
3693
-1670
-3456
-528
6782
4796
-7626
-7047
5223
1732
3294
-7450
-6216
-5495
-6741
4546
2902
2668
-3557
402
1706
755
1056
-117
-727
5137
7684
-5301
-2432
2100
4490
7233
6805
3545
-451
6266
-1002
4371
-3845
-2526
-1071
1672
3891
-655
-1654
4386
4091
6250
-936
-1272
-731
4668
4806
-6978
-1173
1800
2469
-1386
6968
-7364
6730
-4833
-1035
2009
-1448
-4080
-2540
7403
6543
-4382
3346
-5821
-1897
5321
-4702
4348
-2893
-3809
7678
-6107
-5569
3434
7633
-506
-7052
-7431
3584
-3086
-6605
-6160
426
-2752
944
7388
4556
233
-6549
-4920
6744
2437
-1323
3997
1144
-1073
1930
-2419
5992
3047
7805
3783
-7111
389
697
3292
-7686
-6371
4244
-2616
888
1446
-3865
3868
317
-460
4934
-2612
1570
-4142
-560
6341
-2199
1241
-5385
-2190
-1908
-1381
7473
1988
1149
5835
-7111
-6644
644
5057
-3859
6359
-4717
-3997
2923
2329
-4838
-1768
3927
1191
3631
75
304
-1500
-5804
2212
-921
3272
3559
4174
-5081
-2995
2670
3894
-1909
-7302
3773
-554
4867
5818
5086
-6502
1637
2756
3854
3346
1575
2800
-6770
4463
5573
550
3621
-4698
6777
-6183
-2938
236
-1385
-313
-23
-4038
3299
1212
686
2879
2394
-3901
-5440
1565
3137
5189
7774
-1833
3007
-795
-4322
-3374
279
5013
-2604
10
-4158
-5990
-1682
7474
1251
7464
-1291
-4375
3064
969
4838
-415
2062
-950
2640
4825
-5386
-1323
-518
-6118
-4265
3534
-3357
7004
7273
158
-111
3101
2478
-5803
-5877
-2028
-7265
-6166
-7242
4620
1699
3458
1559
-1600
590
-2918
252
2505
-7563
-3062
-2245
-275
-4286
-6944
-925
-313
-1069
-5161
4392
2102
7213
-3526
1629
-2567
987
-7440
3349
-3589
6407
899
3967
1670
2220
7539
-6578
-5662
3120
7628
-5170
5908
6240
3643
-1932
6808
-1394
3973
722
2941
7270
6869
412
-5800
-5892
-4223
5031
7463
1413
4943
-7635
-229
-6806
3721
-7140
-7756
5709
2592
2065
-7695
-6027
-6143
6442
-1789
3689
4469
2718
3020
1366
-381
-6993
-79
3291
2490
3061
-1117
-1220
-5654
-5428
-3140
-5036
-2872
-5548
6535
-5243
-892
-1434
-5853
4459
-1027
5548
3417
-2862
3829
1356
-893
2862
-4725
-2543
-2689
-6146
1071
3051
-5641
6831
6244
-1359
-1169
-7680
-6136
-4088
6476
-786
170
-7257
6577
-2295
4317
-5153
4835
5314
3974
6240
-606
-7798
-5331
5016
-4948
2742
-392
-2591
-4116
-3779
2900
7208
-1913
-4109
6103
2335
-5442
566
-4727
-3292
2653
3053
-3012
-894
2105
6133
6231
1696
-3695
-6103
900
-2204
5826
-6821
2303
4460
2603
-3200
7201
1327
-2929
861
-354
-3770
-2907
2770
4293
-6631
2792
-1578
-5787
2715
3841
2757
5609
-2130
-4114
2918
2383
4613
-5505
2039
2848
-1113
474
-536
7722
-4665
6121
3137
4707
3613
-6797
1043
-1400
-3771
2661
7008
1658
3680
547
-3821
5307
5560
-112
-3561
621
2769
-6810
-4658
-638
-1959
-6047
-343
492
280
-2612
1470
-2745
2941
-3573
2116
-6241
-2074
-4921
6633
7642
2354
-5225
-463
306
-7426
-6544
2995
5126
4626
-6338
3537
-7738
-2242
5447
5565
-5585
-7447
638
-432
-7038
-3037
-155
2570
-4655
-7785
-950
4920
-1055
4183
-7023
5059
-929
1035
-3974
-1031
-7150
4033
-223
2549
5747
1240
7621
1469
1177
6746
2850
6310
3481
-5135
-2443
-6919
-2088
-1740
-5080
-4405
3581
5907
7414
1109
3348
-7064
-6249
-6192
1679
1831
-727
-1408
-2526
-5531
5358
6066
-543
977
7341
-2865
-1106
-3971
-4274
2006
2635
-4586
-7603
3876
-3792
3866
-3543
-2412
-3647
5587
-2447
-6982
7212
3814
-4927
-5799
-2394
4005
-3873
-3722
457
-4874
5712
-5002
5374
2721
-2281
1450
1565
4453
-3797
-2546
5166
-855
6872
5993
1192
-4268
-521
-4578
-574
-7241
4315
-6795
7065
4803
-3185
-7372
-2728
-5669
1116
2373
-5603
6800
3767
-4906
-1082
-4763
7535
293
-7076
-5900
-4733
-3424
1144
442
-5051
3764
-1382
-4941
-3572
6736
1416
472
630
-5019
-3453
-4115
3896
98
-211
3091
-6853
513
-5211
6523
6668
-6523
-7574
-2523
5905
-3495
2007
7224
-1846
6
-6864
7743
5949
-4326
5806
4301
-4700
-4455
-2004
3568
5224
-6114
-5938
-785
-3847
4283
2530
-4333
713
2076
-5082
1078
4260
-4200
6065
-4616
-990
4997
-4337
-2106
-7387
-2717
4610
1206
-2085
646
4527
-1701
3120
1208
3223
1317
2926
-939
-3081
1799
5032
2678
-4670
2438
-5264
5840
6121
-4371
7199
-3126
-2831
-1929
-5077
-2135
-339
-6953
-2649
-3910
-5923
2879
-3854
-773
2369
-5112
6162
-6808
-2329
-2232
1695
-7588
385
7125
-1411
4737
2473
-4665
-2329
-512
-2039
-3718
472
6280
-1023
-2073
2717
-1940
-5522
-5948
1486
-6646
6049
2409
2577
1311
-7696
7288
1688
-1564
-1348
2162
-477
7167
5813
-1690
-2000
-5761
-5112
-6511
6383
5220
4766
4031
4053
3178
-6908
-3033
2391
5626
-7270
-1437
-6726
175
-5221
2187
2517
6331
-5531
6990
-4811
7731
-7121
-2737
1482
-2212
3835
2581
-6692
6939
3827
2359
1420
-2593
-4150
3803
-3210
-5568
-268
-2872
-4356
-1880
1651
719
-2401
7274
5080
4898
2656
-5302
602
-1996
-4668
541
2105
6457
-2433
4342
6464
-4693
-4878
6036
310
4966
-1492
775
-4305
-7352
-5945
-7753
-4585
1037
459
-2761
6712
4932
-5022
7243
-3413
-2488
6908
4306
7460
6288
4185
3266
-6082
6289
2441
261
-1121
-6417
3146
3495
-1865
-4992
4507
-4580
6238
-7611
3157
-2822
-852
-3395
6493
6088
7599
-6232
877
-2350
6856
-6755
-3381
-5380
-1850
-618
-7709
-7536
-2795
-3010
-3103
7627
7414
-1882
62
2030
-4302
4499
2727
7402
-3517
-3455
7002
2867
3037
-7144
-3337
-5600
-2582
582
5998
1119
3747
-6620
-2381
790
-5669
-4994
3315
3649
-1465
1166
5030
-1073
3206
-2984
-5511
443
4455
-143
2756
-3946
2285
-5898
-6103
-7019
1304
2689
-1795
1757
-26
7353
1418
7216
3841
-2447
-3648
-7489
6927
-7694
-7278
-3740
-5068
1754
-6435
-2220
1190
-446
3159
-2863
3686
6079
1061
2474
4718
4732
7226
5663
-2625
-2783
190
2755
-4604
7782
-4192
1734
-6772
-3990
3987
-7233
-2800
-1213
4444
-285
1921
2561
5088
1599
7588
-5591
6752
4111
-6497
-7336
-6824
-940
-3601
7712
7401
6232
508
-7673
-2797
6048
-5857
-6124
4276
4855
-4330
-3618
7683
-5089
5374
-688
6695
4434
-3164
5407
2996
-2495
2864
-4502
2982
3265
-4990
889
-6103
-4753
3250
-4006
-3160
390
4535
-2394
6887
-3157
1208
1660
4619
1621
3355
5314
-5767
-758
7253
4659
-4356
-5111
-420
-7433
7637
7376
-6590
-4534
2729
-3185
-6622
-3934
7592
-3942
-3166
1647
3032
250
4756
6204
-2261
2700
3579
-5924
1571
-5071
-4941
6773
-260
-7414
5587
-4877
-4093
-3163
-984
6436
1200
-661
-1362
396
4758
6550
6609
-6634
-7367
437
2337
2921
-6385
-2307
-616
-6692
133
2681
4703
-2912
-2303
7248
-6794
3134
7057
5957
4293
-5610
2659
-937
-3004
7120
3915
-7701
-4657
-556
-589
4522
7288
1832
-6522
-7528
-2104
-1751
-292
-886
-3484
3060
-6956
-5725
-3694
-5474
-2060
-519
3360
4559
-6740
-6986
2817
-2893
-3607
6322
6090
3593
7197
-4167
-2663
6596
2766
5255
-4680
-2402
4460
2785
436
-6449
-2812
-1300
-4382
3983
-4670
1885
3336
3819
-78
1376
-1587
4071
-5432
-868
-5339
-6943
269
-2680
5491
878
-2827
4279
4395
-3889
3686
877
93
-5374
-6966
6469
4448
5156
958
-6254
7579
-2598
5142
7492
-5548
4946
3047
-5861
2397
-5966
-1965
3409
212
-2209
3795
7130
7379
1179
7739
-2883
-6331
6964
4478
-7799
-3709
-550
1804
-783
6558
-5978
-5394
-6258
-5973
-6370
-1680
158
106
-4134
6299
-1007
-5385
6862
-2463
6918
-4357
3684
4504
-4269
2894
1003
-6191
3553
-1202
-1666
1954
2575
-3325
2988
-7487
6572
1610
4866
-3764
4351
3932
-3744
7286
-7031
1929
6102
-4352
1154
4585
-1520
5252
-7602
-6173
-3241
-5915
-5674
-2676
-7671
-3123
-4535
1859
6079
464
3084
92
-3627
5301
-912
7235
7591
-7527
4516
-4795
3469
3552
7342
6159
1453
-5130
-2447
6213
6330
-7427
5510
-6055
-3309
-1779
-6570
801
-2894
-4641
5824
-1830
596
3319
3187
2923
-3883
-3056
-3091
-6583
714
-2939
3708
4810
2610
4472
3693
75
-6628
-6944
4921
-6209
1696
7197
-5020
-1137
7070
5106
336
-4627
-4438
-5353
-3188
-1548
-4991
4095
1561
-3676
743
6417
-4894
-7173
-5229
-3539
3652
-3877
687
-808
4274
5692
-7499
249
-5959
-6661
-4029
-3488
4504
7617
-7112
-6414
7773
-6376
6955
7778
-6891
-3233
-6159
3365
3786
-2251
3247
5409
-5821
-4080
7444
-1339
3382
4031
-894
-7373
-6910
2132
-6217
1626
4781
6849
-287
403
3196
1951
-4197
6190
3444
5230
-343
-3379
-2103
-1000
2583
2374
6132
-6566
2995
-2374
7061
-405
7348
-2906
-4892
1727
-4936
-6107
-7624
283
-5948
-1202
4420
6520
-4091
-5224
-3017
333
2919
7737
5358
-315
-1358
-6349
3531
6021
-4058
-961
-4218
-3639
-2029
-7591
-6677
391
525
6397
1386
6207
2846
-3521
-7626
6510
-1614
3183
-6600
4741
-4070
5524
2391
-2902
5719
-3848
2364
6787
-4430
-5960
7259
5637
-2745
-336
6670
-3426
-3661
-7519
-7755
1920
-7560
1292
-6945
5833
-6374
-252
1062
-3383
-2024
6858
-2989
-6054
3489
-4619
-5113
7499
-1501
6396
-6027
5435
2424
4397
1132
7798
-6537
4623
546
-4404
-7769
4426
7723
4263
-4466
-5569
-1855
12
4723
-2753
-4397
-6120
-978
2819
7664
4999
6338
-6906
7330
1225
-1259
-946
-426
1288
-5200
3342
1554
-6847
6205
1985
4660
5646
-6770
-4224
-5725
-478
-3138
-5841
-3675
-2281
-4599
-6220
1183
3650
-6512
-334
7524
-397
6971
-4051
2632
735
-6949
-863
1168
2520
-4674
-151
-4969
-1909
-6690
-6803
-6820
5718
-5992
4253
7632
-4636
-364
3134
3654
-5668
-1348
4785
7447
3679
5575
-4890
-2982
5237
2064
-568
5362
5896
-7605
-4772
2822
3063
4131
-2830
-4670
-5275
6299
-4750
4449
-5247
2066
3985
-4434
1096
-6777
-4385
7105
4611
4998
790
1612
-6571
580
-5644
603
-964
-718
3667
4309
-7717
4782
-5680
-67
7518
2832
6173
7590
-4558
6993
-2442
-4805
-5217
-5513
-101
5270
-5974
4775
6085
896
129
-1440
-1964
-2767
2021
2145
-814
-3100
4003
-5208
-1218
-4422
-1531
-5174
-3094
-384
-207
826
2000
-4571
-7579
5065
-415
-761
-2550
14
-2756
-7515
-2518
-2760
5377
-633
2733
-1717
874
1320
7577
-6700
6811
2645
951
1354
7043
7438
-6163
-7407
5881
583
-741
1994
5722
-2748
-1188
-6856
6228
-133
-682
1067
-5752
5160
4914
-5692
3533
1357
-4674
5547
-416
927
-7485
6956
-726
-2844
-241
7332
-4790
-1279
508
-6443
-5366
-3774
-905
-2321
1844
-1250
606
-137
-7777
7478
5371
4401
701
-4603
5971
-6716
-1993
-1348
3855
-5513
-1436
-3839
2048
-7688
939
-2737
3471
-1285
-5206
-5386
6004
-6253
4542
5027
843
726
866
-1135
-1317
-1974
-4161
-803
3009
3931
961
7031
687
-3819
2301
-7058
-5521
-5108
-7280
962
-558
-4674
4530
-927
-3074
-3586
1726
-3066
2105
2290
-1132
-4592
-127
7640
-4871
-1988
-881
-5365
-7041
2568
-1230
6241
1844
-7580
-426
5563
-5264
6617
-2707
-2360
2879
-5754
-5002
2588
-6937
2843
-2453
7464
989
-1258
5093
1321
827
6000
-6970
4510
-5416
1442
-2917
-4715
6764
-1848
-6077
7779
5004
2716
-32
-960
-2464
-1437
-3030
1994
3257
-6228
3110
2446
-246
617
-6218
-5939
-4229
-4682
-2999
-1220
3889
3242
-7622
1364
-4731
663
5452
-7607
1514
-6741
-457
-615
-2727
-2856
7108
-2337
4687
3276
6645
6867
1869
1498
1118
-6235
-6024
5586
5941
-5043
3417
-4938
1410
-5644
6744
2881
-471
6528
-4141
7791
5415
6043
1988
-2860
4832
1170
1060
7764
-3346
-1671
-4926
6102
2967
-6011
-908
-3933
6835
-4920
-3793
7780
-3534
-7194
4565
5660
6103
3023
1786
7748
-4649
-7105
-4571
6525
-970
6510
-2666
-6199
-6774
-7670
-1387
6659
-4199
5750
-2829
-550
6309
-2719
-2051
-2960
-5290
2167
4814
6993
-375
-4952
3220
1958
6712
2627
-5096
5760
4806
7632
6343
146
4755
-2447
4713
5819
1087
1654
-3924
-259
-1059
7251
-1363
-1853
6196
4433
-17
-2972
691
-3060
-5187
4101
-5274
-1260
7387
6601
253
-5455
-4820
-2105
7545
-6090
-3921
-1005
2619
2810
1495
7414
-3760
2190
3123
-10
1716
2502
3575
5193
4322
6658
-483
-7787
-2069
-5311
-5287
-3248
1590
6751
5307
-394
886
-7811
-3127
5228
4027
2523
-4474
-671
628
-1141
6868
-4940
6752
-2245
7503
3223
40
-811
6111
-1391
3849
1664
-4429
-509
5573
225
6856
5805
-7711
-2940
-534
-4203
-2254
3391
-163
-4255
1451
-3235
3397
7102
2233
-743
-3325
-1865
-5250
-2724
-6786
-2201
-7150
5091
-6660
-4943
-1900
-2919
-893
-2220
-6132
-3525
-5449
-4223
5815
897
-3265
892
5338
991
-5120
-420
4659
-4300
-2616
-2687
1841
677
-7216
4831
5291
-3062
-5213
-7404
6124
7789
2896
4531
2351
-19
3544
1284
-1806
-7266
6801
-4830
-5783
-5334
-4204
-7261
283
-7486
5926
2594
-2624
816
5211
2561
7507
1385
2944
-3090
-986
-3662
-49
-5973
-2014
-1291
4430
-6586
-5615
-148
-6804
-7428
-1338
367
5719
-5322
-1951
-1042
5421
-4789
-3220
6574
1137
-1686
-5759
-5479
-7665
-5396
-7155
-609
2464
286
-4817
-3872
500
4472
4563
4034
-1031
6134
31
5579
-7144
-5234
7279
7163
3408
3754
-4425
2149
-4183
5214
-5311
-2460
671
3116
-3660
4698
27
6907
-5269
6607
484
-7799
2787
6721
-5828
3370
-5822
1007
1779
893
455
4464
-5008
-5943
6535
-6558
-4766
6789
-4221
-1212
2580
6977
-7026
4382
-4450
-110
5297
-5290
3650
-1668
-4859
2694
7595
2883
6004
2083
-2219
-6724
3979
-5825
3691
4923
-4061
-7514
-4806
1720
5358
-2421
2198
-3665
-6596
1454
-529
-7133
-4016
-5785
6680
-2979
991
2595
4820
-5179
2618
7641
5141
4361
-7486
1503
-4902
-6768
-823
5435
-5520
1405
7627
-6453
1244
629
6271
-7216
-3641
-345
-5867
4722
-3255
-4914
-2334
6468
3940
-5785
1518
37
-6353
2210
-2359
-1751
5153
-4425
6259
-5868
2524
-4745
-5828
-2277
3028
-3440
-6552
6564
-6258
5105
-7414
3559
-1432
-277
4799
-4611
7159
-4107
3443
3769
-28
5016
4211
2557
4364
-5318
4494
849
-7416
-3259
65
-5387
4967
1983
-610
156
5580
-4505
-2996
7339
4312
7227
-4925
-4618
1555
-6831
4565
2445
6372
3202
4834
-6148
238
-121
7456
-918
169
-2705
-1561
-5216
-3784
-4085
-2202
7740
2187
1332
6894
0
-6544
5107
7009
2644
-2724
-3795
5345
-6882
-6344
-1445
-86
7582
5638
6220
1980
5738
5388
-1163
-5032
5636
-4523
-1972
-3705
2221
5235
-5665
7070
-5247
30
-2290
-1782
3266
4962
-6728
7139
4170
-7458
-5080
-2851
-2712
-7810
-7099
-1476
-7044
4966
580
4136
-3448
-5873
-6177
-7578
1076
6252
-4273
-7033
-665
5548
-7293
-385
-5409
-6117
-1071
1124
4279
-3357
5589
-4733
-7731
-7089
-793
5775
255
-4301
4738
7448
6229
-590
-3961
1926
3244
6467
6852
-356
-7532
-2300
7633
-2332
3649
-4924
-2355
7146
-1376
-3549
7108
1985
338
-4210
3990
6313
-3346
3104
-2296
2247
4247
-6270
6767
-1897
-4896
4498
-6342
61
-6704
-2956
-554
5851
-3401
-6569
4664
-5140
-4682
-2924
-6866
-982
-4134
-7118
-1679
-1948
3008
-6675
7189
2962
2685
7527
-1934
-6469
-3703
-3476
123
-576
-157
-2577
-7315
-3849
1104
-1113
1770
3282
6354
-1496
3952
-3670
-2274
6566
4947
-3306
-238
575
-5223
-7509
4611
-5806
5157
7174
-4856
2032
-2362
-1340
-3025
6291
7515
-4776
2950
-497
-3286
-3601
-6623
1225
-4477
-4101
3195
4823
-6241
6259
-1749
-6090
-4716
7720
-7188
-5097
-197
-6065
1080
4893
3983
-4680
-3969
-321
1282
4686
-5787
-5663
-1094
-7768
-1585
-4835
2561
5812
-6323
6700
5529
1537
-666
-5847
2387
-1278
1749
-6693
-7580
-6308
-3882
2586
7806
490
1702
6290
-7752
6398
-207
-2544
-5863
-2708
335
4628
458
6495
-2980
6063
6440
-6568
45
-7615
-4606
-5331
4001
-6041
-7103
-3682
4416
-6143
-4556
-4633
986
82
527
-4766
-4101
-1602
-177
6420
4285
-1704
-4864
5416
2003
-5543
3471
3907
627
-7095
3525
5779
-1639
-4503
-6038
7145
-4145
4153
3810
573
-2557
4303
-5003
1151
6684
-2745
1242
-5825
-1414
-682
3687
1777
5603
6846
3171
1620
4709
-2789
-4062
-2876
-1711
-4267
-6324
7054
-5740
-3569
5500
380
3514
5704
-2747
7014
-7088
-4567
-5032
-2240
-3257
6118
-7765
7010
-2296
-3154
5184
2610
-1567
-771
-6840
3810
4145
-5134
4535
6071
3838
-7089
-1559
-5995
5979
-736
4631
-2262
-2608
2019
995
3782
-1947
-1042
5134
641
6048
45
4229
6983
-2296
3161
886
-2593
-651
-1073
3851
-1611
3314
852
-5
5827
-3375
-2504
4156
5101
514
6107
7806
5051
2050
1042
451
7332
-2223
-133
419
-5719
-2635
-1086
-2693
6968
-7315
-4120
4250
-2286
4098
-7489
5180
-5105
2184
-3108
-3252
-6222
4763
-5694
-795
-6214
-316
4908
-5447
-7281
-4874
-563
889
-1270
6424
2882
-3942
6152
5441
1529
-2238
-1784
388
640
1960
-671
7514
-4570
-7062
3745
6422
-6722
7130
-2086
-7716
6316
-6082
-6677
5044
-843
-1322
-2206
-590
201
-4342
-4109
-2628
-751
6047
4564
7617
5542
-1342
317
-7611
-6609
-5436
-6924
4127
-3374
-5295
-4878
6565
16
2630
6923
-2060
-7479
6500
1412
-2752
6609
-7538
-4794
282
-5271
7448
-2310
-2197
1521
6868
-4336
-140
3270
4823
-4920
-4384
-6652
-255
-340
3656
-5025
2685
3912
3062
-2574
3691
1990
6647
2113
6005
-5323
-2185
-4046
853
-4309
409
1410
2780
2850
-3785
-1686
6123
-844
220
7632
-5449
-5728
-1592
-7574
4293
6917
-7766
7242
-2362
-1039
-3365
6038
-6705
2595
-7532
-2398
6952
1828
4207
3500
-2241
4704
-4368
5053
-565
-2736
4264
3010
2494
-1967
4513
-4056
-870
-2857
4965
-643
5302
4355
-6252
-6733
409
-3775
-6486
-1739
-2502
4851
2222
7688
1835
-2680
-5473
4086
-2617
3803
-4769
3642
-1889
1966
-410
6983
7054
-6465
3354
449
-7391
-7738
-1412
5220
-3924
5492
2256
4962
6844
550
-552
-6383
-7773
1416
-3171
5984
-4479
-442
1522
5615
1207
-1549
5465
-4177
5889
-1145
-2726
963
-4283
4345
-7526
7770
3112
7463
2867
-7366
6749
-3493
-211
7675
-7436
-6646
7301
-228
6471
4957
-5159
-3489
-6404
1429
-3633
-5304
-925
1402
4006
1411
-2963
-2393
-7690
-5064
-2021
4890
3346
44
-2247
-5024
4622
3627
-3265
-864
-888
-2842
-6102
5782
4747
5036
68
2541
-946
3689
-1691
-3912
-1914
-3973
-71
-1845
1483
1095
1225
-2977
5890
967
53
6394
-3120
-6013
-6395
-6821
1422
-7727
-1628
-3391
-1249
-813
-5499
7165
-3260
-5197
-6520
-6478
5075
-3120
-4531
-5011
-2474
-6844
3752
-2437
6662
-3347
-5314
-340
5397
-5954
764
5963
-1657
-552
1985
-2341
4985
-2439
-3738
4227
-4644
-1271
7165
6947
142
1002
5090
-426
-170
-6704
-591
-4909
-5301
5485
1528
4123
6573
-3489
-2887
2644
7463
3709
6843
-3807
-3948
-398
4219
-5858
2480
3902
5781
4980
-2973
-7058
1842
1876
-4003
694
-1438
1066
-2368
2155
1002
2430
6624
4924
5041
-1143
-7424
841
5912
-269
-5497
-5812
3847
-4205
-3082
-6260
5493
1707
-2114
-4408
3652
782
6796
5503
-3604
7645
3795
-699
-6649
-6550
7422
7069
-7222
-4498
-3685
-99
1275
-5432
4342
-6570
-267
952
3373
5231
1706
-3128
334
-519
-6825
-2515
-3880
-5934
334
6172
1088
-4140
-3714
7454
1237
-208
-7371
5988
-3491
1502
-1628
-2792
7740
3316
4885
1274
7061
-6929
-132
-1504
-5210
-3158
2957
-2426
4139
7521
7633
6636
-928
-3117
-5919
2501
5770
7224
-1480
-985
-5395
-5408
6260
-5284
1338
-4715
374
-910
532
6858
4674
1540
4620
-7498
1337
-5394
2743
4961
5813
-1651
540
-5206
7019
2232
2251
-3158
-7016
5407
-4509
-4521
-6763
-6701
2059
-3102
-2044
-30
-913
-760
1128
4328
3481
6457
-7202
-4551
465
-3805
7039
-1787
1188
-5352
-4344
-2809
-1931
-1457
-4365
2169
3043
-6457
-164
-4266
-4361
-2026
-1659
4261
194
59
4798
-5690
5457
-649
7085
-3391
-4092
7812
1916
4106
-1270
3646
-4165
-163
-860
5127
-2917
3666
-4636
-1712
-7349
-677
818
-6079
6651
7007
-2781
-651
-6791
-5656
5871
1659
6594
7519
-2796
1151
-2770
3314
-7707
-5816
-2582
6423
7095
5121
-1785
954
948
-4914
3049
7230
6270
6514
-6441
4616
2002
5692
7638
-7597
6224
1413
-4806
-5124
-6023
7533
-1774
-7467
6253
4976
3537
-3419
-3887
6080
7598
-701
-1782
2873
420
-5583
-2319
-4781
3785
-447
-7480
-1689
7352
1642
3352
-4909
6404
-6114
-2273
-2750
2280
-1701
5745
740
-6581
4760
-3665
-1969
-6617
-5292
7140
2713
-6527
-100
-5974
5566
-5631
2230
3202
5623
-5948
1476
4582
-2194
-7035
6043
-6404
-4023
7081
2097
-3844
2277
-6604
6352
6149
-4104
-707
-3424
4124
3132
4622
3423
-401
-1049
-354
-5085
3591
-2582
-3941
-2897
980
-425
3333
6289
-7706
1652
-2922
7484
2688
-1001
734
-6027
1322
-3705
-5800
2108
1197
6745
3536
3016
-3029
808
-4818
440
4430
-6679
4312
4739
-6036
4271
-2668
4922
-2165
2365
-4624
-4706
5723
2484
7464
-5964
4488
-7693
-4756
-131
-5255
-2817
2238
5260
6037
-5682
-922
-5270
-3267
1977
5894
-6162
6718
-2941
900
-2433
1503
4189
6841
-1330
2355
491
5206
2983
3788
-6251
-3539
612
-98
4462
2532
-5890
4233
2009
33
-5179
5369
3359
4354
2513
1048
-387
2058
3265
-2560
-4101
-7171
-6337
234
-5273
-6837
5775
6183
4879
-5396
1039
7611
-63
6910
7662
-5450
3423
-2195
3497
-1584
-814
-6288
1425
5463
3844
2746
7171
-7348
4201
-3430
-1175
741
-4540
1343
4704
-3569
-7251
6997
-5350
7221
-1417
-6770
3502
-2251
1233
-4738
2359
4642
2494
-7079
7081
1461
2750
-2384
994
478
-6178
6423
-2487
5290
2357
-988
-5770
-6707
-7470
-635
5354
7440
5231
-4693
6859
-3982
-3325
4514
1580
1554
6425
3115
541
-146
4153
3136
-2780
-7385
4995
-6550
-407
-7718
-7133
963
-3761
2427
-931
5626
2010
6057
-3757
-1402
7661
5286
-4963
-7763
7233
-1619
-5395
3387
-7067
-3851
-2466
1645
-2696
1761
-3523
-4630
1008
-6837
7144
-6166
1356
1221
4657
-5883
3490
5246
5262
-1632
-1297
-5099
-1155
929
-6809
-2465
3922
-3656
-1648
6425
-2908
4694
2437
4326
2290
-7375
251
-287
4517
-6179
3646
5618
3898
-4116
7731
5911
-7349
-3671
-3973
-6320
-1768
-6618
7636
-5085
1311
-3897
-714
79
-1831
7025
3726
-6989
-1121
-2860
5234
-887
-5447
1731
6083
2926
4191
-4997
3585
5790
3887
-1929
-4821
-5239
-2618
1426
-7767
4597
5117
4892
5447
1346
1002
5100
-3593
2858
-4031
1278
5614
-1431
3026
-5859
-3698
5688
4983
5527
-3125
-414
4045
682
-1345
2999
7163
-5456
-6640
-1461
3181
-2419
-2795
-3656
586
6674
664
-4428
2000
6942
3763
-7356
3573
357
-4681
1734
-3856
-7412
-4130
6505
2416
-2951
-1313
-5968
5632
-6848
4235
2853
-7318
-1142
7049
-7514
3634
-6910
-2234
4444
-5448
-5699
762
-350
7448
-4985
-4266
-595
3108
764
-5260
-6694
239
1176
-3977
5969
-2002
-1966
3505
-7292
-912
-1508
3333
4778
6603
-1722
1662
-4444
-5496
7687
565
-1945
-7775
7374
-2709
-2536
3233
4047
46
3538
7352
306
-1589
-5671
-6450
-5968
2995
3748
4416
5104
776
-2587
-86
4569
2714
526
4533
6018
-7365
3916
-6718
-7384
-142
3754
-4931
5782
3254
-4460
2758
4515
786
6529
-1571
4211
176
4658
4991
-956
5078
2946
-4614
6740
6133
726
1144
2050
-1917
2713
5906
-4650
-138
1633
976
-7144
-5040
-4687
306
2386
-2249
-4279
560
5701
-6843
6612
444
-3429
3918
-3981
134
-6621
-251
-1567
6057
1758
-6682
1124
-4987
6348
6880
1953
-2215
-7567
14
-2328
-1612
5757
-1638
-5037
-7756
-3441
40
554
3935
311
-5461
-6743
2151
-1516
-2128
-1732
-6358
3816
4831
-783
4965
-405
-7300
6113
-6333
-3372
431
508
3627
2658
5534
607
-6014
891
3601
5112
-2060
-4118
5810
-6145
5777
5148
5016
3810
-4276
927
5342
497
5347
-53
1347
5516
-7561
804
2451
-5508
-4805
5968
-6615
3100
3468
-787
-7247
-1383
382
1276
-7420
2362
-834
-224
2180
5048
6301
1698
1344
2974
5552
-1157
-3555
4609
7747
-6966
4374
3397
-1590
-7189
1358
2248
3600
38
-4792
230
495
-6528
3705
-2956
-357
-3008
7611
4447
2870
-1378
-7192
-2603
-7769
207
-4898
592
-7401
4996
1437
6629
-1319
5566
-4785
-6119
-2332
-1805
-7787
4201
4575
5492
5955
-1513
7745
4106
3190
6972
6860
-5643
-327
3305
-1815
-1278
2701
-7402
-2271
-385
-3000
5267
3484
368
6220
-7528
739
-3665
-5955
-401
1490
3959
4201
-1512
-7076
-568
147
-7111
3292
-2288
-3115
5489
-1558
3826
7460
-2892
2085
-7289
-5283
3076
-523
1301
-3197
-2938
4188
6932
-6774
-4166
-5363
-6797
-3997
-548
2100
-6565
4202
6251
3874
-3290
-2701
-1535
-2422
4133
7012
4147
2552
-5728
7522
-348
3619
1369
2896
7313
-4538
-4317
1584
-2079
-436
6772
-760
7759
5759
5929
1388
-811
1406
7400
-7525
-2843
-3854
6864
6910
-6323
4861
-6289
-6185
2593
7229
7229
7752
-7463
2883
6809
-429
5002
-790
3152
2137
-4682
-3262
2451
-1186
-5864
3043
-4492
367
-6068
6492
788
-5488
961
-5511
-6752
1044
2691
23
-1076
-2731
-3169
3871
-1867
4580
5270
7430
6679
-2185
-1416
5040
-4482
-5308
5268
-655
2890
183
6094
-944
3350
-2572
-4234
7074
-5709
7735
-4243
-4719
-2994
-6774
479
3612
-224
-2818
6440
-5892
2278
6614
-4231
6350
4053
3434
-7249
453
4245
-6118
381
3136
2197
4786
-6900
-757
2275
1641
-7745
3159
6252
-5881
-3324
-2868
7323
471
5788
1607
3604
6864
-6086
2983
6845
-4348
-7751
-1285
-2745
-1365
4278
-2237
2988
-3881
-7693
2395
-165
-2894
6087
1414
-2519
6427
7113
3926
7242
5357
3408
-3070
-909
5739
-3110
-2773
-466
-4664
-1893
-151
-5861
3095
5275
7038
-1470
-146
-5133
2445
-928
2727
5250
3186
-1243
225
-38
2853
4911
1812
-415
4228
-3308
739
1531
7582
1252
-1935
3719
-2054
-4101
1762
4060
-2627
-5380
468
1913
5899
5443
-696
1941
1430
-5158
-5005
2360
-637
3421
4070
-5820
6543
6514
-3077
3496
-6544
-1684
6069
-4893
-3702
-7669
6348
-6668
1154
-1513
-194
-957
4863
-3468
7488
4682
3650
-6819
2052
-6433
3162
-6522
3788
-3636
-5305
6440
6132
-4958
3493
-281
4535
-7081
-6695
2346
4458
-5788
-4467
6310
-4882
-7126
-542
5335
-6202
-1529
6468
5170
1915
2380
7674
3097
-7790
-2984
1829
-396
1546
-3146
-1385
-1065
-208
6946
406
2235
501
-6283
-2184
-5719
-3445
395
-6095
6922
498
437
-2467
-4217
3260
-7361
-6041
-6242
-2132
2537
-2599
5525
-1084
-3276
2179
6951
4512
4795
-111
-4579
1008
-600
4823
-3726
-6474
-4422
2979
1498
-1015
6289
-6456
745
-4172
-3302
7061
-4972
7412
5137
-2021
-6694
-3135
-1081
4880
-4486
7740
5850
-6647
1022
3594
1871
-6488
4181
824
-361
6779
1627
-1781
-7442
-4835
-1489
-5170
5327
2105
7703
-7406
-586
6882
1656
-1339
-6364
-153
-4898
4729
-2504
-1110
-2426
7297
-306
4795
6516
-6449
1330
5858
-2509
-1603
3694
-6701
5652
986
1744
-5481
3994
1573
-3953
2524
-4260
2353
6866
-3219
5062
-917
-403
