193
707
-474
1298
-1543
295
1163
48
1435
1485
-1033
505
-572
90
629
902
-765
-1331
233
-532
-506
262
-818
-1466
-1025
1339
1456
-1501
480
873
-69
-512
-1356
-492
-1519
-266
1067
1273
-678
473
1313
221
1088
-1538
188
-666
1217
717
-1559
633
-743
-147
-507
-863
1357
1163
-68
680
1496
1205
837
-511
634
536
-1041
330
-7
-1354
459
838
515
1021
1098
-1110
103
-1555
-606
-19
-537
-1259
-269
601
194
391
614
797
238
-119
-564
867
1545
786
258
1488
-320
-1006
-284
-158
-1116
1048
417
238
-451
-313
-1082
912
-1257
-25
-1085
133
1056
748
373
-1171
1061
-1160
-1201
830
946
-180
-758
-912
-1356
1212
-476
-502
-18
1057
1074
1326
-372
931
-153
-572
-694
-1
-945
-1140
-534
-143
651
146
-928
1193
-114
706
-506
-480
1515
1420
846
305
-1155
-1000
-1391
-469
12
816
166
44
-217
1102
-239
-438
-1329
826
-1144
-925
1426
-125
-1029
-875
-254
-327
-146
-1124
-1488
734
184
267
643
1066
-60
835
-177
1530
533
1294
-1501
1322
-253
1173
-923
908
1421
1218
1244
-456
1526
-415
-947
-1333
-878
996
-1482
556
-140
546
-856
559
959
-606
424
117
1292
-625
973
920
-1261
1036
-1390
142
-398
-1295
372
-911
-955
-1073
-258
-625
-130
-640
1205
-774
-173
-497
-688
-428
-1041
226
351
1067
389
850
-10
-861
1509
-499
-1367
1506
-290
-592
145
-458
-388
-861
-602
632
-277
1147
-244
-149
434
-104
-977
225
734
-411
-1285
-1550
196
-1244
647
-871
746
1136
1040
1497
-1057
155
1199
-483
1438
1476
765
558
31
-968
171
-796
1129
-325
-1395
700
-320
734
30
490
-1412
821
-1325
-501
-273
1554
-1189
1191
355
134
1194
-1427
863
474
-1471
-570
754
833
-598
-1099
-982
-1115
-1181
1529
-517
-434
-1035
-45
-771
1435
-366
-1451
-194
-1174
-545
-14
1017
-525
828
1025
-68
645
447
-81
468
-467
740
601
1006
112
-1545
-1041
-623
-134
-951
858
1385
-520
-821
492
611
1299
462
-934
1540
-122
291
-269
871
-1135
-213
1506
-453
-1398
-1527
347
689
422
169
-742
1366
211
-150
-551
-481
97
1506
-695
-604
-373
311
1199
-974
-1053
967
-571
-1090
-1248
1069
871
-312
-446
1375
-674
1121
-111
-543
-614
839
-1347
-119
-609
770
-588
-1511
-97
-903
-239
-516
96
1536
660
-1174
1201
-1335
119
-491
-685
98
971
-1539
948
-643
1536
-425
-624
-1001
586
-1229
1276
438
287
1478
426
632
-1385
1085
1440
-1490
-1483
1058
-1510
28
130
-910
793
986
-1433
62
1387
780
1255
169
-739
1245
-231
-1261
1379
-960
-501
985
1355
492
1400
254
-420
660
566
1165
-139
232
-522
-1036
-1304
-216
-1133
-487
1271
230
12
1316
524
295
-570
1254
-18
896
542
381
-799
-1202
828
-987
-1116
-630
-1504
996
332
-1517
1103
-48
-1201
-1125
-914
1183
-1083
-197
631
-1343
441
-347
274
-1441
-734
-548
-653
365
-1527
-688
289
189
816
1515
495
12
-812
-727
365
516
131
-120
258
159
-703
-893
-109
-269
-70
912
1184
91
718
1230
-396
-982
36
297
-395
1361
-1407
-1259
1158
481
-1048
-1270
212
372
-1191
-1199
-1410
-175
730
1487
1024
85
-248
1558
1537
506
1282
1024
42
-1077
-1170
341
771
-1114
765
-144
-376
1162
1443
-456
-1393
1367
-1300
790
573
-429
-1063
756
47
218
625
674
-1530
-530
173
-770
-1296
-849
-1228
-1070
1396
509
-1536
-1555
1552
1281
1058
-1361
-879
-1056
-1401
-1095
-610
-1079
-257
290
-613
-1131
574
471
-706
983
334
-15
-909
-1003
499
-1465
-830
-695
-1060
1559
-1021
-1381
-24
-1156
1164
121
-898
1182
-919
-1505
-941
-1262
520
-1383
272
106
-206
736
-794
1208
489
1379
-818
-926
998
256
-267
-471
-1035
-564
-1392
-666
-1451
-638
1295
1535
585
-1143
-958
-733
1343
-1317
731
-1386
-611
-1332
-1311
-1481
-589
1050
-871
-1030
237
1280
-300
-1160
39
-941
-461
-220
154
-1546
-142
-351
-352
819
-1545
-780
937
195
1195
1294
-803
559
1336
-635
-993
-1542
1460
-1086
-1135
-679
719
1368
1207
1435
-1153
1006
-1097
1508
87
-1013
357
-312
366
-261
1029
464
491
-1535
-21
662
-325
-974
-1471
333
1395
-310
1163
-1553
-1010
1127
-65
1398
-1101
1312
467
-840
782
367
1242
403
-621
984
-1013
-902
177
-1259
-14
-986
-1511
1143
1142
209
-324
-755
-76
562
787
1156
-797
-559
993
-1427
-1299
-561
1523
-1251
1504
-494
-58
-1195
1162
174
226
346
-137
-245
1081
16
-672
-717
7
-731
372
-1439
1422
1417
-1142
932
-396
319
1062
-657
72
1090
1555
398
760
163
863
-1494
811
-280
198
1269
-604
-746
605
-368
-827
-380
290
-1494
89
-1029
-354
-1164
-78
-252
1251
1070
-355
-734
958
855
798
1023
-258
39
-445
17
639
1496
1211
-372
609
-938
721
403
-787
1238
-946
190
314
-182
-666
131
-694
466
777
262
-1221
-1084
1019
-1295
-222
-714
-1123
-296
1053
504
718
434
-803
-713
-1075
401
-870
-1272
779
-1464
-751
-75
-493
901
-935
666
-896
-1164
224
-356
8
-1507
-1088
-4
-787
751
1531
-417
-1532
-1543
-762
264
1310
1357
1121
1073
1555
1140
726
-1458
-1157
1339
1522
1520
25
-520
-51
1252
-249
-1264
-1086
-70
1367
279
-724
342
322
-1171
-1360
-125
-673
558
-531
-616
-236
-271
701
-861
555
1536
542
-846
-1312
1482
655
345
1106
652
-1431
-1562
145
1018
-14
583
619
1052
-957
-871
417
491
1457
60
-1270
200
635
754
-527
-431
-399
1191
450
859
-995
-261
-49
1003
353
809
626
-907
409
-405
856
-727
-381
-398
-1215
-889
993
352
-726
-95
554
1158
-584
-687
-1265
-951
-982
444
439
323
-527
1036
995
-487
1521
1291
-183
-1215
-813
1220
1166
1007
-499
-655
635
-265
1116
1512
-755
-1314
-1515
1220
239
420
-853
113
-1142
-545
519
-983
1245
920
922
32
970
1142
758
1016
1178
-831
1468
302
-1031
-818
-962
-187
-522
-973
5
-1326
548
146
-1532
-756
1048
811
-1212
-1413
-441
41
1448
236
-957
-714
251
-1246
271
-507
-1301
1429
869
-15
-695
-102
-821
-1272
-11
63
-282
1206
-1328
663
-204
-193
-794
-322
-424
48
1198
-549
1435
-1266
-1208
878
492
1081
650
-190
969
-368
656
352
-979
578
-1431
-238
-754
-93
-376
-54
1456
-952
1246
-68
794
-334
1508
-99
854
183
293
-1017
1463
586
717
-891
-459
-400
511
1314
421
26
1531
530
-1467
-209
1230
766
170
-72
-1170
414
-1230
-1457
-55
949
980
7
1428
1541
-140
-625
237
1066
-255
306
1431
257
1464
629
58
842
467
741
514
304
-579
948
1435
1179
-450
404
-1142
168
-1104
1195
1394
459
-1533
1558
-1215
583
-1155
1328
-116
349
1446
-745
462
569
-515
1076
-1220
-320
-1359
-1084
548
1195
-704
-1361
-640
1369
-1147
288
1404
339
-1322
165
355
-989
-1198
559
160
-35
1398
1246
-1112
-1534
1076
713
-425
686
-1021
-567
1140
1432
849
1508
-656
634
-106
1161
-892
1465
-491
-734
435
-970
-972
-361
-719
-829
-582
1385
-1234
484
1277
153
-218
222
-408
-498
-1365
-32
-551
801
309
-710
-968
622
1452
123
980
-597
-1147
-720
1132
471
-1498
-1545
-1316
-895
337
-949
-1392
51
-810
-258
-1398
363
-1289
582
298
485
-186
1365
1174
103
-935
-99
481
-836
-444
-1084
1493
-819
-1318
-636
618
-194
-51
868
1053
1247
514
511
1003
-547
1198
-1507
-1080
-1102
467
-200
1228
-1547
490
-146
-244
-423
59
-329
407
127
1511
-846
294
-1162
-127
-624
-552
692
267
-329
225
905
1130
-1060
19
-1010
298
817
1223
-1447
500
379
-575
-1256
-361
860
-272
51
-621
-384
-1382
265
602
1461
1000
1298
-511
-190
106
358
648
-1195
-64
-1142
1277
343
-1051
170
-145
1380
-1057
980
-773
1380
-1279
-1490
-171
1158
-1426
-393
-996
623
-345
-831
873
163
-748
-738
1413
595
1096
730
-112
-387
-1353
1124
998
899
-781
-1484
-471
87
-23
1097
348
1415
-355
-183
1514
-495
-1319
-719
-756
-1500
-1554
174
-87
-871
-1006
1291
-1480
-84
1194
1201
-868
-987
-308
-1480
665
1066
-1521
-360
-646
-296
-1242
-1436
1214
-1336
1414
-672
-1251
1501
-345
698
455
172
750
1050
-1019
-1222
-121
-863
951
-776
-1336
-1024
821
1359
-803
-632
-227
738
-249
-244
-895
-1217
-789
-273
349
-594
892
-149
-1115
1056
-1552
521
654
430
-46
456
-649
869
-980
120
1520
-54
-626
-1116
-101
43
451
906
5
339
-708
621
1278
-267
-315
-714
-736
1388
-1198
497
1314
643
-1388
-201
1545
-973
270
-1223
1176
333
120
1452
315
1547
448
-1339
-1252
326
-308
-1489
-741
-791
572
255
366
-743
-935
-768
-1468
152
-1366
-361
273
-436
1033
1154
-336
-972
-411
286
381
998
1148
-1073
1372
668
-1260
164
623
-1050
1512
1172
837
-544
1290
550
-106
1559
1046
-898
510
1246
1342
1170
1166
-1290
856
1498
1226
-1318
-1515
78
621
1504
-857
290
-740
-5
506
-850
-1065
-158
499
1156
-816
-982
844
306
833
-1223
1034
871
691
-872
332
-755
-549
269
-1147
-1026
-1188
-532
-1338
549
119
1473
-528
-554
-232
726
88
455
-320
7
-1528
-494
-371
1346
1273
509
1458
-269
-258
23
-396
-604
-355
-1193
1012
-769
807
1068
-1518
-1390
1223
400
342
-1255
-729
-1457
-783
41
837
74
800
972
1305
48
-391
1441
929
-1280
-1324
-399
454
165
1039
1382
-177
881
-230
127
-972
681
-1418
633
-1
256
1362
1211
1263
-783
-1539
1025
-1348
-1104
1222
-915
-254
840
-990
-415
-192
273
1230
742
738
-1485
-458
1009
185
1062
131
-248
-922
975
-596
690
-281
-1190
811
-639
1320
-115
348
25
-1154
259
1034
-885
274
402
-628
-1258
-659
-761
-119
1191
97
1195
-1448
278
-416
-821
-352
1538
-521
526
-699
-1551
-1052
867
-1218
-1293
1240
1343
-1272
159
-617
-1200
-196
1342
-482
180
-1193
1486
214
898
1123
1045
-575
-1214
-385
1524
-609
-1118
-202
273
199
6
-945
-819
-335
230
-803
-326
896
1402
306
-32
-620
-585
1469
-904
461
-927
-350
-980
164
155
-651
1178
-1034
-76
-711
654
-1468
-1417
-189
1346
1074
-1095
-328
608
-1459
-1479
-836
-1326
275
1532
1366
-894
-662
1485
1450
987
-1266
-1019
-1456
755
-349
-1243
1556
79
266
-1217
666
1
-970
-843
554
706
-1303
-481
1396
255
-93
-1262
-884
-610
1261
-1298
1560
940
-1018
-11
-955
-416
-321
262
802
1518
-1402
-958
227
-1036
286
-209
-1035
-664
1499
486
-509
-505
-64
-1269
-641
1301
1508
1148
532
351
714
106
836
-1547
417
-1525
-968
85
970
-1526
-360
524
1328
-367
190
-759
-1101
-611
821
-660
-429
889
577
-117
110
-920
-565
-1010
-587
-901
891
134
246
1237
17
598
-885
741
-975
974
88
816
299
-765
614
-1504
-880
596
722
-1113
1318
1414
215
358
317
1334
-1168
661
-22
31
559
717
787
-1455
-1103
-107
-403
-1211
1347
-524
1070
-775
742
-172
1124
1051
-623
-348
1100
-581
165
-1382
1288
488
772
-909
-595
-1400
-670
520
-1138
893
1485
62
541
-1161
639
18
-1075
181
-1205
-1219
-93
-936
909
1029
-496
-707
-1532
-414
-849
1168
1486
-63
-594
333
813
-1287
747
1026
-820
-692
1517
-268
-1248
-361
466
-1290
339
-676
-1099
-1204
287
174
-518
-749
747
38
-491
1013
-1002
-351
-1029
-761
1149
1069
855
-1060
-692
-1461
-744
950
1141
1071
-704
-231
-1457
-1004
1494
1273
-1479
870
1001
325
-111
869
749
772
-171
479
-98
-1468
-676
-766
1314
-706
-347
210
924
286
175
1408
-1025
675
-293
-825
120
-212
-645
-262
-671
1023
85
-1122
626
-1348
575
1286
1439
-733
1345
253
-454
-1104
986
-527
-471
726
-253
-565
1009
1473
-555
-1197
432
363
678
1208
35
206
180
-458
-961
905
-720
1092
853
922
-1471
1025
1496
-1188
-1345
257
-990
638
-366
1299
1069
-451
-1163
-412
-1216
484
460
-776
-903
1115
1052
-424
-1114
447
-861
1120
-1521
-829
1037
262
350
414
1189
1383
-392
1252
-87
-983
-82
-529
-862
-998
-878
-579
-948
26
-1021
1357
78
-1127
-630
276
83
-1306
-783
-346
531
833
214
413
1195
-88
1071
634
-63
-1542
989
-156
1141
340
-1406
208
190
-679
459
629
-162
467
590
-626
547
-815
-438
495
-1465
178
-1027
-198
-1386
855
-1546
827
-218
-1087
-944
887
-1223
-311
-93
-810
1179
-945
-183
796
-813
-560
-1010
603
35
-703
-1084
417
249
-1448
63
1147
-1432
-769
1203
-286
-701
234
1508
-707
-92
642
527
88
-753
412
-137
-1179
-67
-915
-1026
-686
-454
1438
184
1458
-537
-1253
428
-552
-1511
-1025
34
1260
-1348
-772
-1070
-974
430
1362
-1481
235
-793
673
-840
836
1346
1278
1390
-1213
-590
117
722
-1035
-1271
1274
1452
540
846
359
-447
95
269
743
-1153
1309
-725
290
-1266
-190
955
-1103
940
1039
600
100
552
1311
735
34
596
279
-518
-780
62
745
447
-964
-1354
-24
-551
1265
-742
495
297
628
1097
316
194
993
1212
-1538
1165
1474
-589
1189
630
927
-83
-298
-356
-1342
523
-801
1374
1022
-203
1331
-492
-609
-435
81
-1458
1098
-461
-1277
-928
-1125
-411
-68
-262
953
1143
-1381
-474
-184
-942
-1464
26
-1262
-40
454
-709
-1122
-1022
-1332
864
51
186
568
-6
-386
357
-1540
-1264
1357
1164
-515
-1221
-121
-1282
571
651
-1298
38
-317
-447
566
-501
964
31
-1415
-349
-1024
-1201
1091
758
963
-581
1338
417
1368
1093
1271
30
-753
-12
-943
884
457
966
-752
140
1362
-136
545
-220
-689
1076
-1190
-363
-1320
-875
664
1063
1463
-1201
1059
-559
-596
495
527
184
772
-1520
-1529
-1299
91
-864
1205
-450
1292
987
340
112
1231
1320
1113
693
-95
1522
1473
-872
-569
-1037
521
-701
-898
268
-157
-1415
1354
-719
-871
-202
-1018
-77
389
-812
-30
-477
-693
640
1340
-1490
-190
1129
422
-1295
-153
-789
-753
-660
634
-1057
-705
1071
-101
-827
-590
1446
-1360
-72
1482
-299
493
1180
330
-213
-903
394
1497
225
118
-579
-588
762
-706
-170
-124
-1151
-1547
51
1343
860
-1039
1085
-677
-149
1494
-253
308
-1120
-309
-733
-1212
372
29
1189
1103
-933
-584
74
-4
114
431
1069
-864
1272
1429
-1078
1037
279
-1512
-1045
-777
-734
1114
-1454
1133
-463
1485
447
-551
-1347
849
360
-1129
815
942
-758
182
-385
905
-1304
223
-280
-613
-1494
-124
-946
750
-1488
-839
523
-1257
-797
615
1277
828
1366
231
-243
337
-862
1274
1121
438
-894
-642
-795
254
228
-172
1193
202
-1520
-403
-334
-247
919
74
1454
105
1023
826
-882
-947
997
-408
-1548
252
443
-1485
-1098
-1340
-1213
804
856
240
-835
64
-412
1278
-1038
522
-784
429
728
-74
-1519
1202
932
1495
-924
-577
1228
-696
-195
431
796
-911
-114
1460
823
121
-912
991
1557
-329
-89
1096
216
-416
1155
824
171
-317
-1074
-1367
-4
703
1440
1110
-311
271
-15
514
632
-1270
285
-832
940
957
-1114
-942
175
-867
-1247
296
910
1217
579
-1427
-1329
574
399
620
552
140
-1505
804
202
-338
63
1146
-1293
1126
-442
-386
-200
1153
-1358
-1249
-1370
-1394
-638
-1076
769
654
933
716
-830
1166
-611
-1548
251
-1308
-1297
-1555
-1375
117
750
-1463
1034
151
1223
1076
328
-1352
167
288
-1401
-1529
-244
-1102
-966
-164
-454
-575
-238
684
-1062
1499
690
-1
435
-1081
-262
1551
420
913
-215
268
1022
220
976
1469
-860
1505
-420
125
211
343
-114
717
858
-711
-1256
139
889
45
-1206
354
-1113
-123
-3
-1322
-571
-460
948
736
1521
-992
366
49
454
1237
1204
-1006
1531
-432
-1153
-524
-618
340
1437
-1274
362
-264
-943
-340
600
-1521
1442
1557
-660
-1517
-148
720
972
192
-602
-260
1179
-505
216
587
1376
-556
6
-863
-326
712
-464
-80
454
896
78
926
259
810
-1189
-404
205
28
420
730
539
-844
136
-101
263
-5
1410
-649
-637
-1074
-1180
-1081
-1089
-1394
-1268
954
-562
-683
1028
4
-1258
-1551
-460
-940
-76
704
910
-1128
340
-1474
-1340
462
1393
254
-47
-1432
-545
5
-74
-521
1111
-1536
1297
80
1004
368
1097
-1317
348
329
1509
-810
1228
-1231
-1095
-1274
1319
-357
-1086
-1501
-327
-6
-777
-1252
1006
-315
-1512
-342
502
-173
1456
403
1216
1072
-1373
1192
262
1182
819
297
-605
168
218
-1109
1013
401
-1530
-990
-1160
-598
-760
1008
1342
342
-1059
1508
1475
1075
-332
-332
30
-165
-550
1091
-1390
-1526
1197
82
-1182
-1556
-161
836
1381
348
822
-1365
-1007
-353
-509
-448
-1035
-942
-552
737
519
703
-626
-723
121
858
952
1423
348
-557
843
457
150
-1306
-419
-1484
1065
286
-388
-1343
139
-39
-266
715
829
740
-83
-99
-1252
1051
-1417
369
168
-262
646
-16
-1056
-33
-1375
-416
915
-355
-186
785
364
650
1020
476
-440
-640
-813
343
-359
-540
799
1553
-1320
-1477
-1380
753
712
478
-1488
668
-557
435
-470
1043
1303
88
1459
-356
-843
431
-50
-1343
1415
-1281
-735
1335
-947
-870
-1253
-1266
-1459
14
-106
414
1484
813
1183
429
-859
-496
978
-1470
-799
-245
-1550
-749
536
-1314
-360
-1439
-555
-64
676
650
-1483
-760
-967
120
-1203
-857
-1101
-912
-1358
-1060
-1191
-966
-352
656
417
-85
494
-135
1408
1297
-265
-316
-711
-1130
95
-101
1437
603
1196
19
-513
161
848
1070
934
415
-3
-573
-1306
-926
1246
393
-51
-1164
-478
-386
